0.076917
0.041312
-0.073650
-0.028096
0.052115
-0.161223
0.005801
0.029864
-0.185821
-0.113483
0.085737
-0.086077
0.035412
-0.071651
-0.014600
0.013394
0.007978
0.212677
0.155321
-0.017305
0.017098
0.070271
0.141153
0.073330
0.147796
-0.036518
0.024631
0.117989
-0.043835
0.190844
-0.078609
0.111819
-0.008630
0.092452
0.126145
0.067667
0.132502
0.151894
0.136456
0.044990
0.136455
0.179088
0.057002
0.106718
0.091655
0.151293
0.058882
0.198326
0.048188
0.172352
0.200502
0.221040
0.220463
0.161819
0.142473
0.005032
0.193101
0.155261
0.116244
0.139167
0.053392
0.072698
0.125549
0.206537
0.127082
0.274522
0.164387
0.236366
0.148083
0.241919
0.205501
0.094353
0.276025
0.271722
0.348695
0.150270
0.192998
0.101794
0.202938
0.457440
0.108219
0.198030
0.227287
0.226590
0.225927
0.298460
0.187322
0.276761
0.321084
0.240419
0.388148
0.287946
0.291659
0.215863
0.247373
0.239751
0.321850
0.253781
0.228375
0.216704
0.198854
0.120319
0.134216
0.310705
0.042533
0.157130
0.377396
0.227482
0.241419
0.251391
0.232285
0.208971
0.274934
0.265070
0.271688
0.291656
0.220110
0.221140
0.385379
0.231258
0.170144
0.251773
0.314109
0.308343
0.348144
0.217060
0.369815
0.549261
0.103620
0.309395
0.551537
0.380187
0.368904
0.248593
0.350536
0.516047
0.155288
0.375112
0.350427
0.448360
0.185024
0.333512
0.315835
0.291309
0.154965
0.363106
0.387441
0.319074
0.447072
0.343339
0.451633
0.489334
0.475073
0.324841
0.321004
0.246093
0.516828
0.297323
0.472135
0.439846
0.273018
0.236607
0.303134
0.395735
0.490772
0.417683
0.474416
0.350328
0.474518
0.441012
0.462803
0.474133
0.397088
0.479137
0.405515
0.470854
0.322252
0.441086
0.452882
0.395724
0.554295
0.445607
0.361756
0.414348
0.417851
0.484604
0.487041
0.487188
0.433642
0.485300
0.450548
0.380069
0.505929
0.424647
0.464397
0.462058
0.452664
0.441155
0.333674
0.506314
0.377839
0.496872
0.397835
0.487237
0.535824
0.402148
0.389679
0.578805
0.461315
0.371728
0.336506
0.460653
0.601133
0.587792
0.558671
0.556374
0.425407
0.419418
0.404977
0.404906
0.599706
0.404120
0.586558
0.551954
0.471024
0.580921
0.676559
0.593298
0.580671
0.708986
0.671502
0.415834
0.499843
0.633247
0.645123
0.649298
0.438768
0.509007
0.514000
0.759309
0.462011
0.601391
0.585978
0.662134
0.591367
0.493555
0.507143
0.643319
0.622875
0.647247
0.540437
0.548423
0.530137
0.557163
0.581776
0.717574
0.724205
0.729680
0.443881
0.727591
0.599806
0.530616
0.552984
0.615164
0.570595
0.632541
0.626938
0.704354
0.670836
0.552359
0.696452
0.591922
0.650393
0.564493
0.757720
0.650580
0.729635
0.717300
0.563301
0.611920
0.533543
0.672077
0.813583
0.557283
0.701307
0.584848
0.640107
0.679010
0.704626
0.759459
0.667885
0.637760
0.585688
0.639789
0.746954
0.630227
0.620916
0.664227
0.525019
0.832855
0.677307
0.640305
0.778159
0.720987
0.738611
0.808850
0.440026
0.728542
0.828377
0.710217
0.772988
0.683901
0.698989
0.787370
0.702010
0.605799
0.676365
0.768646
0.747900
0.708451
0.668429
0.544413
0.800136
0.791273
0.831539
0.757825
0.756914
0.754567
0.723754
0.692234
0.776947
0.868066
0.634563
0.693437
0.768545
0.665007
0.862749
0.551081
0.682828
0.715527
0.687903
0.735497
0.685951
0.801615
0.770004
0.711854
0.778477
0.826766
0.660307
0.861321
0.806612
0.820213
0.686820
0.807311
0.827415
0.843891
0.639633
0.817469
0.654194
0.774282
0.768210
1.019112
0.801721
0.677316
0.843843
0.917740
0.804983
0.851579
0.646995
1.008614
0.707663
0.976270
0.808157
0.808466
0.715090
0.714460
0.773928
0.840555
0.815796
0.690994
0.883938
0.724975
0.749746
0.875292
0.655090
0.877197
0.890423
0.928964
0.963208
0.890109
0.755756
0.750793
0.667665
0.968291
0.926301
0.951667
0.939151
0.920617
0.889736
0.786034
0.912153
0.793213
0.841428
0.860537
0.856468
0.943577
0.757698
0.901878
0.770990
0.852394
0.824205
0.852916
0.929761
0.700435
0.930578
0.810071
0.816254
0.905885
0.999069
0.751538
0.787508
0.740371
0.837918
0.819634
0.784145
1.027800
0.849141
0.754110
0.870175
0.891220
0.971320
0.805370
0.746606
1.007526
0.938127
0.914695
1.040859
0.807282
1.007624
1.010108
1.008567
0.887012
1.027439
1.032651
0.697006
0.833183
0.935219
0.938584
0.785260
0.865787
0.896174
1.013191
1.010140
1.003316
0.926178
0.893096
0.919727
0.994192
0.936436
0.944081
1.031532
0.994044
1.030988
1.005274
0.980456
0.940374
0.858864
0.846947
0.932147
0.978651
0.893455
0.972851
1.015664
0.809583
0.912799
0.927782
0.825732
0.871015
1.028036
0.840480
0.879859
0.885326
0.926713
0.780938
0.920714
0.887684
0.926388
0.945599
0.973697
0.900808
1.079020
0.863424
0.945201
0.982101
0.876463
0.992582
0.975464
0.805334
0.896055
0.867826
0.921374
0.963164
0.896733
1.005330
0.927255
1.031431
0.921569
0.848093
1.079371
0.875808
0.930776
0.812978
0.852469
0.885427
0.961805
0.945955
1.048045
0.904380
0.892032
1.040761
0.953968
0.947663
0.935633
0.985009
1.019059
0.919464
1.049059
0.997008
0.854285
1.055457
0.963745
0.887331
0.944368
0.955614
0.767289
0.946675
1.048787
1.074843
0.944202
1.119603
0.894252
0.969739
1.077696
0.856387
0.927770
0.998243
0.902421
0.932193
1.016514
0.978945
0.902320
0.894493
1.035675
1.042518
1.218440
1.039413
0.890420
1.095727
0.981663
1.016571
0.875163
1.017384
1.038482
0.931638
1.064588
0.898268
0.991899
1.007063
0.914680
0.941061
0.813666
1.025231
1.000954
0.993818
0.990362
0.982694
0.859818
0.934431
0.976996
0.947174
1.030518
1.029152
1.000878
0.965268
0.894498
0.871893
1.005560
0.951795
1.094972
1.049822
1.008258
0.977792
0.998211
0.908324
1.084755
0.985567
1.098723
1.003448
1.025224
0.968189
1.049389
0.909345
1.040328
0.933670
1.075535
1.092142
1.010232
0.958286
1.035866
0.972503
0.932740
0.939531
0.979869
0.924568
1.095087
1.073713
1.082246
1.085329
0.953351
0.922029
0.971227
1.033822
0.960342
1.131624
1.042657
0.852942
1.162262
0.906655
1.078837
1.052512
1.023560
0.914979
1.103090
1.135834
1.051210
0.980590
1.149561
1.094117
1.051798
1.052079
1.049149
1.039973
0.996832
0.929646
1.160589
1.227696
1.058951
1.054842
0.974485
1.101628
1.031092
1.017752
1.039037
1.095975
1.031977
0.886127
0.929159
0.952931
0.982286
1.023923
0.956362
1.016112
0.977163
0.935932
0.873555
0.923339
1.088421
0.918788
1.019968
0.999410
0.953551
1.088982
0.984165
1.006926
0.967127
1.003347
0.861484
0.969821
1.059549
0.986298
1.019047
0.926593
1.009501
0.957696
1.039802
1.010183
1.115783
0.853086
1.009390
1.018424
1.118861
0.975781
1.078143
0.952690
1.001180
0.939509
1.108255
0.896449
1.019681
0.943644
1.020118
0.981480
0.976407
0.938502
0.866405
0.956998
0.874291
0.894157
0.951162
0.967917
0.950100
0.917237
1.132006
1.037438
0.999153
1.005163
0.807575
0.914666
0.945405
0.992976
0.835620
0.958899
0.977898
1.015967
0.815595
0.967962
0.849879
0.983827
0.836845
0.960239
0.933719
1.021693
0.948059
0.860630
0.863851
0.880076
0.926338
1.061392
1.026586
0.966833
0.872224
0.980418
0.896389
0.942711
0.969527
1.000705
0.791630
0.894388
1.165014
0.958626
0.909714
0.953503
0.856303
0.994447
0.808767
1.009852
0.889791
1.030581
0.836347
1.052621
0.960116
0.834183
0.910429
0.980830
1.062741
0.844466
0.877018
0.711882
0.956435
0.943211
0.924023
0.814444
0.889470
0.889403
0.928969
0.944494
0.957161
1.034709
0.878245
0.860682
0.793952
0.891450
1.016572
0.827506
0.790388
0.884047
0.783574
0.824942
0.943571
0.925176
0.980810
0.930699
0.830482
0.986328
0.963615
1.072699
0.884368
0.926527
0.783077
0.900522
0.738581
0.818002
1.091080
0.925785
0.948539
0.798056
0.864965
0.950444
0.994349
0.856294
1.021908
0.826280
0.683083
0.809311
0.946206
0.847879
0.808140
0.966051
0.882795
0.866261
0.824708
0.942837
0.808667
0.707855
0.914940
0.891341
0.879960
0.923468
0.945365
1.024483
0.775146
0.937915
0.982557
0.855372
0.754446
0.881890
0.956367
0.784153
0.860514
0.854342
0.835079
0.795921
0.982627
0.821804
0.913384
0.778321
0.781095
0.832005
0.721784
0.826848
0.664414
0.757691
0.862073
0.860085
0.903903
0.912748
0.829470
0.908878
0.797233
0.717550
0.873678
0.730943
0.866363
0.972769
0.864596
0.791647
0.859948
0.761848
0.814454
0.772652
0.790327
0.816888
0.866013
0.645979
0.797029
0.978933
0.772961
0.873302
0.898995
0.783461
0.864607
0.891723
0.797111
0.693888
0.691693
0.795556
0.822315
0.802538
0.711334
0.674341
0.786128
0.812012
0.754384
0.739722
0.636771
0.834072
0.717948
0.837057
0.942283
0.647413
0.731853
0.793909
0.775970
0.778491
0.848296
0.799940
0.788415
0.785219
0.596602
0.696904
0.655130
0.761574
0.722152
0.785961
0.725542
0.659983
0.679689
0.588750
0.782603
0.674775
0.803055
0.660206
0.697871
0.723623
0.609876
0.692559
0.723056
0.811973
0.723877
0.582567
0.706415
0.605251
0.652692
0.754453
0.722061
0.633343
0.720689
0.599185
0.791916
0.577365
0.749737
0.792139
0.518995
0.633652
0.642078
0.597777
0.504066
0.559104
0.702694
0.666496
0.881468
0.636805
0.792022
0.489785
0.673513
0.801039
0.585605
0.655554
0.699552
0.765244
0.623009
0.587371
0.642414
0.624615
0.602920
0.580484
0.665212
0.660685
0.538212
0.570514
0.789732
0.627285
0.614257
0.522923
0.625610
0.530647
0.692344
0.679235
0.522726
0.576878
0.587361
0.575957
0.537892
0.666457
0.527263
0.562936
0.596748
0.677113
0.493761
0.612773
0.588177
0.466755
0.535361
0.628115
0.433197
0.513208
0.708898
0.518915
0.582745
0.563127
0.636719
0.499700
0.689657
0.663940
0.635289
0.490156
0.577497
0.543495
0.501852
0.641980
0.609269
0.445120
0.551218
0.568644
0.544695
0.589527
0.528098
0.517886
0.364125
0.510956
0.527335
0.509928
0.498016
0.550155
0.509645
0.519065
0.505371
0.432336
0.425635
0.475292
0.616835
0.683927
0.435220
0.418067
0.533223
0.606829
0.528079
0.458438
0.389941
0.323291
0.475846
0.496439
0.262763
0.511625
0.658406
0.375354
0.589417
0.483881
0.400164
0.579468
0.439727
0.442602
0.542608
0.323683
0.436895
0.337247
0.481141
0.584426
0.431122
0.397040
0.354710
0.416859
0.445172
0.409355
0.416494
0.410712
0.450327
0.369124
0.430050
0.500971
0.494117
0.566511
0.428665
0.345675
0.373182
0.423424
0.442410
0.379733
0.347727
0.523078
0.258801
0.359757
0.430799
0.417840
0.339733
0.115171
0.317361
0.289085
0.382649
0.410424
0.339380
0.216736
0.442971
0.376588
0.284948
0.315420
0.292539
0.426166
0.359539
0.344586
0.457769
0.206458
0.328125
0.195380
0.200660
0.300642
0.323443
0.345268
0.410164
0.242696
0.238474
0.498881
0.352061
0.362476
0.340563
0.356899
0.250962
0.253845
0.244227
0.324219
0.450389
0.396445
0.279972
0.272339
0.408869
0.170163
0.230519
0.294995
0.167777
0.319524
0.146220
0.310979
0.426562
0.250476
0.306188
0.169432
0.285294
0.439556
0.345709
0.322260
0.249805
0.290630
0.171315
0.304773
0.290777
0.215283
0.136254
0.250938
0.235329
0.296045
0.155639
0.379133
0.241572
0.134457
0.225373
0.147750
0.242131
0.258945
0.239746
0.230237
0.061491
0.203683
0.289673
0.174906
0.257169
0.107886
0.271909
0.248001
0.249581
0.191725
0.178233
0.261745
0.079499
0.287698
0.138313
0.137680
0.118277
0.137923
0.172706
0.071308
0.126986
0.230604
0.151066
0.042474
0.091065
0.260558
0.170359
0.099085
0.093139
0.115350
0.037724
0.172219
0.066484
-0.007896
0.097061
0.081717
0.272545
0.100521
0.147508
0.021552
0.030967
0.103726
0.248261
0.070911
-0.053224
0.099099
0.063603
0.002013
0.030014
0.122066
0.003583
0.014702
0.033244
0.139776
-0.032446
0.083770
0.119014
0.044516
-0.156322
0.103591
0.067841
-0.094842
-0.107412
0.102464
0.074436
0.070604
0.069105
0.233584
0.117419
-0.006098
-0.077512
0.057123
0.089143
-0.023369
0.108217
0.041034
-0.028782
-0.000806
0.136240
-0.130571
0.125092
-0.042452
-0.068319
-0.038205
-0.004296
-0.145144
-0.068663
0.051362
0.028964
0.000227
-0.208635
0.097105
0.065854
-0.100181
-0.154563
-0.066022
-0.016840
-0.005682
0.163342
0.066015
0.031496
-0.150541
-0.093466
-0.018855
-0.015341
-0.045482
-0.119125
-0.011253
0.037464
-0.110445
-0.044378
-0.067180
0.137454
-0.175901
-0.150382
-0.075458
-0.058316
-0.037871
-0.090662
-0.112307
-0.227282
-0.047353
-0.105134
-0.216087
-0.064749
-0.097846
-0.092432
-0.018677
-0.171596
0.026293
-0.176521
-0.057436
-0.237140
-0.106809
-0.023720
-0.049191
-0.182350
-0.271627
-0.270917
-0.194827
-0.131448
-0.072561
-0.182279
-0.189848
-0.024392
-0.148514
-0.122379
-0.244948
-0.047704
-0.161625
-0.121271
-0.168005
-0.238546
-0.033249
-0.218938
-0.287345
-0.233098
-0.190363
-0.225579
-0.140940
-0.144350
-0.209643
-0.267640
-0.237864
-0.120890
-0.139260
-0.243876
-0.201159
-0.362392
-0.012931
-0.186158
-0.238353
-0.197947
-0.105000
-0.349498
-0.269286
-0.317317
-0.133694
-0.200856
-0.262173
-0.490290
-0.268402
-0.242054
-0.353229
-0.304972
-0.259002
-0.303278
-0.277753
-0.142881
-0.092128
-0.222296
-0.289648
-0.203182
-0.155305
-0.194527
-0.316588
-0.229013
-0.236743
-0.397219
-0.213288
-0.341397
-0.026637
-0.370723
-0.301574
-0.393611
-0.445913
-0.543540
-0.266429
-0.415600
-0.422512
-0.346741
-0.422048
-0.359173
-0.361361
-0.318380
-0.253116
-0.317720
-0.388078
-0.347958
-0.399471
-0.303825
-0.351749
-0.416573
-0.416912
-0.374844
-0.304729
-0.438838
-0.384019
-0.339106
-0.340741
-0.321176
-0.415437
-0.420413
-0.323953
-0.345581
-0.434933
-0.300984
-0.388112
-0.291071
-0.324128
-0.353806
-0.364316
-0.469610
-0.413267
-0.412055
-0.402907
-0.438853
-0.413788
-0.486315
-0.349761
-0.403775
-0.341727
-0.440272
-0.582305
-0.337616
-0.415778
-0.267762
-0.415591
-0.414506
-0.554035
-0.404953
-0.409091
-0.397435
-0.346606
-0.448820
-0.529393
-0.414206
-0.483792
-0.413296
-0.530161
-0.569555
-0.407170
-0.524496
-0.441180
-0.453880
-0.423790
-0.392749
-0.537151
-0.380579
-0.528298
-0.545291
-0.572358
-0.348721
-0.545263
-0.552122
-0.463660
-0.518765
-0.376483
-0.553714
-0.434476
-0.538762
-0.412620
-0.445727
-0.545095
-0.661186
-0.580718
-0.509918
-0.664562
-0.531395
-0.629203
-0.565431
-0.406933
-0.401142
-0.654347
-0.613510
-0.531853
-0.522019
-0.502799
-0.642321
-0.560486
-0.633931
-0.542591
-0.576513
-0.558417
-0.566763
-0.570397
-0.624028
-0.541594
-0.550055
-0.428567
-0.560803
-0.712363
-0.464271
-0.655157
-0.620672
-0.550919
-0.593820
-0.534645
-0.609130
-0.633821
-0.575388
-0.608060
-0.710225
-0.511989
-0.579750
-0.573102
-0.619734
-0.659137
-0.669312
-0.551333
-0.724644
-0.646276
-0.497441
-0.578196
-0.777617
-0.523824
-0.619710
-0.645174
-0.682253
-0.686830
-0.723509
-0.756354
-0.654349
-0.667181
-0.685298
-0.548715
-0.704759
-0.617603
-0.719425
-0.736637
-0.527684
-0.614435
-0.758182
-0.639019
-0.805773
-0.782761
-0.583876
-0.689976
-0.677667
-0.719602
-0.807366
-0.536584
-0.649112
-0.759592
-0.737103
-0.778452
-0.650003
-0.749100
-0.697929
-0.732633
-0.731432
-0.693596
-0.719495
-0.838307
-0.731286
-0.785765
-0.801223
-0.628445
-0.790824
-0.784872
-0.768564
-0.817965
-0.720919
-0.765490
-0.713068
-0.631811
-0.799886
-0.612319
-0.870832
-0.844078
-0.692371
-0.686432
-0.645495
-0.649560
-0.763509
-0.815633
-0.626429
-0.745609
-0.777179
-0.821511
-0.731910
-0.621257
-0.815554
-0.780090
-0.722003
-0.830387
-0.675671
-0.847206
-0.757521
-0.843039
-0.796257
-0.643988
-0.745546
-0.662018
-0.841961
-0.737634
-0.737324
-0.775877
-0.811269
-0.627147
-0.802349
-0.821878
-0.872400
-0.780002
-0.896301
-0.708045
-0.827258
-0.783593
-0.786540
-0.716312
-0.765622
-0.779146
-0.742075
-0.704913
-0.854968
-0.835018
-0.813133
-0.726767
-0.889795
-0.744711
-0.917054
-0.755035
-0.801369
-0.873852
-0.802945
-0.883589
-0.880141
-0.800108
-0.855765
-0.765590
-0.826951
-0.953948
-0.850306
-0.882410
-0.986498
-0.754875
-0.782240
-0.866954
-0.793173
-0.893097
-0.952465
-0.677680
-0.897515
-0.868984
-0.840332
-1.062760
-0.910221
-0.953155
-0.900407
-0.921958
-0.806513
-0.843000
-0.795965
-0.743327
-0.950734
-0.924790
-0.989594
-1.007119
-0.898786
-0.934773
-0.847960
-0.888141
-0.915359
-0.885575
-0.907154
-0.880123
-0.739709
-0.805553
-0.950489
-0.886377
-0.855886
-0.912099
-0.767706
-0.888302
-0.917401
-0.957626
-0.925260
-1.037901
-0.892117
-0.954284
-0.931663
-0.904346
-0.884152
-0.811460
-0.725581
-1.020953
-0.852601
-0.866876
-1.013427
-0.881782
-0.942033
-0.858708
-0.804478
-0.890720
-0.911696
-0.874162
-1.030837
-0.934102
-1.062555
-0.903181
-0.922645
-0.882486
-1.032860
-0.932621
-0.934086
-1.002563
-1.058341
-0.897869
-0.862263
-0.954089
-1.007446
-0.960386
-1.002597
-0.966439
-0.946962
-0.855672
-1.014511
-0.872318
-0.836823
-0.983203
-0.814292
-0.893660
-0.978933
-0.871022
-0.971463
-0.882059
-0.944513
-0.759517
-0.991835
-0.901802
-0.890571
-0.831618
-1.131029
-0.936228
-0.850678
-0.805638
-0.931190
-0.916157
-1.064811
-1.073999
-0.870793
-1.027846
-1.050354
-0.970217
-0.824767
-1.069222
-0.998840
-0.883147
-1.001809
-0.924996
-0.888407
-0.975553
-1.063727
-0.957037
-0.826699
-1.034458
-1.011848
-0.992422
-0.949851
-0.912791
-0.885068
-1.008387
-1.004406
-0.926898
-0.875219
-0.966132
-0.925904
-0.943796
-0.994208
-0.893966
-1.106927
-0.928420
-0.948275
-0.988870
-1.042463
-0.957495
-0.869106
-0.994723
-0.987255
-0.867645
-0.993315
-0.829769
-0.977657
-0.921652
-0.938534
-0.882154
-0.993411
-1.078697
-1.031860
-1.070076
-1.004555
-1.085288
-1.069006
-0.882392
-0.982171
-1.046987
-1.101779
-0.830384
-0.912355
-1.069456
-1.124695
-1.146347
-1.015878
-1.107933
-1.005126
-0.895630
-0.893240
-0.972645
-0.908648
-0.914521
-0.896554
-0.986678
-0.970820
-1.031542
-0.976557
-1.030707
-0.986785
-1.051747
-1.094097
-1.011947
-1.040295
-0.939767
-1.015093
-0.974542
-0.987003
-0.900922
-0.944279
-0.956611
-1.006074
-1.017347
-0.954816
-0.837064
-0.958729
-0.956482
-0.985008
-1.056470
-1.076163
-1.094337
-1.007937
-0.933941
-1.056088
-1.122495
-0.903137
-0.957826
-0.990385
-0.992545
-1.045399
-0.978058
-1.061463
-1.031437
-1.095543
-1.052939
-0.988818
-1.020581
-1.027767
-0.870475
-0.969428
-0.869607
-1.017222
-0.910494
-0.886121
-1.034427
-1.167755
-1.046815
-0.962507
-0.958306
-0.968753
-0.877077
-0.887344
-0.995972
-1.061214
-1.150999
-1.038915
-0.950978
-0.959366
-0.895955
-1.052092
-0.949415
-1.014310
-1.017286
-0.949653
-0.923453
-0.929875
-0.971864
-0.958655
-0.969957
-1.167630
-0.977445
-1.050716
-1.085726
-1.014076
-1.042010
-0.870912
-1.040110
-1.236209
-0.938662
-0.990113
-0.953508
-0.989107
-0.959830
-1.096302
-0.991179
-0.950684
-1.011629
-0.986030
-1.070096
-1.068720
-0.837491
-0.990747
-1.076095
-0.884590
-0.814253
-0.930616
-1.062068
-1.039932
-0.912112
-0.905453
-0.967335
-1.034125
-1.054200
-1.064189
-1.112096
-0.994785
-0.983457
-1.038940
-0.919948
-0.973320
-1.016169
-1.085051
-0.993896
-0.993016
-0.989996
-1.047556
-0.972354
-1.105414
-1.163959
-0.954591
-1.000959
-1.025606
-0.909843
-0.938133
-0.966293
-0.954961
-0.955108
-1.006948
-0.897595
-0.939589
-1.059075
-0.802002
-0.916055
-0.985676
-1.087948
-1.030605
-0.787905
-0.945207
-0.878084
-0.919557
-0.876632
-0.912088
-0.931643
-1.018938
-1.065358
-1.039349
-0.985483
-0.946093
-0.943170
-1.049579
-0.981244
-1.022646
-0.988361
-1.070743
-1.035391
-0.946649
-0.956707
-1.023608
-0.871336
-0.981250
-1.069364
-0.937894
-0.920793
-0.817050
-1.034135
-1.072207
-1.000829
-1.002967
-0.860901
-0.822195
-1.037209
-0.918673
-0.940546
-0.903871
-0.925292
-1.049127
-0.891150
-0.846542
-0.876128
-0.884012
-0.871977
-1.045572
-1.085553
-0.963933
-0.867562
-0.847610
-0.923631
-0.864670
-0.841626
-0.968853
-0.951896
-1.101491
-0.890728
-0.844070
-0.880424
-0.922306
-0.952577
-0.877086
-1.001755
-1.130630
-0.867476
-0.869528
-0.916083
-0.939347
-0.949524
-0.862414
-0.881779
-1.014046
-0.849969
-0.930332
-0.907949
-0.797197
-0.808027
-0.904303
-0.944740
-0.853142
-0.737305
-0.884856
-1.121292
-1.146999
-0.865341
-0.931359
-0.733834
-0.916040
-0.895098
-1.003453
-0.996410
-0.989388
-0.867087
-0.774416
-0.800596
-0.824492
-0.917243
-1.016591
-0.771051
-0.901372
-0.973920
-0.974562
-0.890534
-0.790479
-0.973628
-0.876018
-0.921812
-1.008870
-0.752544
-0.885378
-0.881558
-0.908158
-0.878825
-0.907289
-0.748539
-0.734833
-0.771180
-0.695638
-0.947581
-0.925332
-0.821930
-0.810616
-0.811137
-0.775972
-0.778607
-0.833172
-0.818657
-0.863244
-0.864110
-0.808894
-0.914593
-0.920659
-0.911428
-0.781482
-0.807375
-0.852168
-0.936976
-0.905040
-0.916447
-0.911908
-0.858444
-0.784015
-0.782905
-0.716433
-0.894832
-0.887076
-0.791271
-0.755985
-0.815708
-0.816520
-0.851017
-0.806289
-0.918344
-0.719903
-0.930302
-0.799132
-0.797382
-0.927130
-0.821696
-0.754061
-0.788202
-0.795850
-0.908525
-0.767865
-0.839827
-0.622540
-0.627494
-0.789577
-0.818677
-0.721968
-0.927291
-0.974983
-0.993115
-0.688639
-0.689705
-0.845315
-0.733751
-0.802110
-0.799814
-0.866477
-0.760600
-0.540468
-0.759162
-0.721565
-0.684534
-0.741931
-0.816827
-0.700218
-0.629525
-0.856479
-0.828228
-0.754911
-0.919875
-0.692819
-0.861766
-0.724635
-0.760279
-0.701175
-0.771987
-0.793431
-0.712839
-0.651707
-0.608706
-0.894786
-0.662067
-0.774093
-0.657718
-0.711481
-0.642973
-0.711852
-0.752303
-0.652779
-0.776986
-0.822213
-0.748957
-0.855071
-0.611907
-0.772056
-0.666264
-0.684422
-0.711630
-0.602936
-0.663478
-0.651249
-0.826502
-0.756098
-0.721328
-0.732857
-0.854487
-0.698060
-0.802413
-0.766874
-0.774650
-0.710826
-0.687651
-0.604765
-0.722155
-0.556366
-0.773469
-0.686593
-0.663217
-0.489723
-0.619309
-0.672335
-0.508977
-0.577073
-0.571313
-0.554591
-0.550358
-0.619823
-0.656476
-0.544797
-0.654975
-0.626665
-0.624427
-0.694562
-0.513067
-0.552060
-0.693216
-0.740727
-0.503354
-0.644022
-0.548195
-0.686441
-0.621440
-0.838616
-0.552570
-0.701156
-0.653717
-0.576172
-0.780740
-0.571552
-0.569371
-0.669138
-0.612738
-0.676632
-0.597352
-0.650517
-0.590511
-0.704208
-0.552809
-0.642102
-0.572274
-0.628182
-0.723578
-0.722558
-0.573833
-0.557892
-0.540598
-0.513917
-0.689197
-0.662017
-0.642454
-0.658037
-0.644231
-0.612718
-0.523029
-0.599778
-0.575809
-0.604463
-0.557233
-0.619198
-0.502787
-0.563321
-0.485324
-0.375935
-0.543790
-0.512230
-0.571337
-0.532219
-0.511661
-0.364943
-0.494682
-0.472609
-0.601825
-0.581970
-0.479552
-0.489040
-0.439612
-0.610050
-0.582847
-0.489336
-0.559133
-0.613569
-0.623624
-0.556912
-0.401394
-0.417421
-0.489651
-0.445029
-0.423223
-0.504051
-0.489808
-0.467746
-0.409209
-0.418047
-0.471796
-0.574978
-0.449651
-0.567874
-0.527177
-0.502244
-0.392970
-0.544499
-0.600406
-0.589583
-0.571606
-0.494340
-0.425899
-0.413195
-0.449192
-0.518634
-0.495900
-0.393097
-0.351376
-0.374129
-0.309463
-0.425600
-0.580784
-0.381944
-0.340393
-0.484977
-0.359380
-0.394231
-0.380095
-0.426400
-0.377069
-0.286308
-0.392972
-0.384328
-0.508441
-0.485326
-0.387926
-0.463235
-0.438018
-0.452300
-0.387615
-0.461868
-0.458740
-0.320272
-0.497038
-0.478877
-0.346097
-0.340013
-0.325206
-0.222120
-0.262443
-0.274110
-0.357537
-0.302357
-0.475333
-0.243283
-0.262309
-0.524525
-0.302669
-0.438197
-0.427153
-0.270502
-0.243460
-0.481994
-0.372647
-0.375436
-0.404020
-0.278116
-0.379125
-0.299818
-0.244482
-0.154260
-0.208994
-0.214961
-0.307347
-0.364997
-0.272119
-0.283030
-0.345234
-0.152441
-0.415166
-0.333182
-0.183749
-0.230516
-0.221958
-0.401924
-0.137389
-0.173929
-0.273313
-0.305532
-0.219304
-0.350733
-0.391717
-0.252881
-0.361002
-0.093053
-0.273479
-0.374851
-0.241084
-0.240079
-0.193896
-0.162698
-0.355465
-0.237778
-0.108341
-0.288736
-0.177624
-0.179062
-0.268404
-0.245648
-0.125583
-0.268491
-0.209370
-0.272862
-0.331854
-0.179163
-0.296902
-0.214897
-0.327900
-0.122842
-0.220570
-0.121066
-0.170404
-0.172788
-0.203400
-0.126761
-0.238649
-0.200115
-0.328582
-0.212977
-0.038283
-0.034546
-0.068034
-0.162709
-0.042102
-0.055149
-0.310713
-0.104059
-0.144462
-0.168533
-0.107254
-0.132305
-0.135104
0.007008
-0.205198
-0.104367
-0.107366
-0.149677
-0.030069
-0.034951
-0.159025
-0.081528
-0.248070
-0.126253
-0.119845
0.010159
0.024259
-0.004548
-0.100950
-0.100724
-0.212965
0.140346
0.009619
-0.019642
0.000077
-0.153809
-0.065072
-0.094172
-0.105951
0.035039
-0.162753
0.075613
-0.019636
-0.033270
-0.042423
-0.079162
-0.015917
-0.120401
-0.084654
-0.254413
-0.048274
-0.109311
-0.112652
-0.037521
-0.039871
0.172036
-0.007222
-0.057894
0.011104
-0.002951
0.009399
0.048261
0.047794
0.054196
0.073626
-0.089466
0.190002
0.000628
-0.008627
-0.131275
-0.018960
-0.040635
0.141216
-0.036291
0.038840
0.105454
0.143509
0.002971
0.102749
0.163286
0.137351
-0.029324
0.063358
0.116093
0.118745
-0.039114
0.169014
0.090460
0.201515
0.220398
0.120240
0.087447
0.136453
0.228220
0.038052
0.095141
0.079803
0.107135
0.065344
0.132302
0.165084
0.033913
0.084423
0.105052
0.115356
-0.076088
0.115546
0.034279
0.128568
-0.052675
0.125309
-0.090597
-0.045981
0.133923
0.073062
0.143436
0.042352
0.136577
0.052224
0.082132
-0.128499
0.336275
0.068519
0.137492
0.173586
0.229146
0.105894
0.145618
0.186343
0.157063
0.113679
0.184650
0.284711
0.098492
0.088393
0.169220
0.050260
0.241807
0.133772
0.303747
0.186936
0.246436
0.244867
0.111488
0.163780
0.168962
0.223290
0.036072
0.068081
0.095027
0.085285
0.190611
0.055390
0.104690
0.202911
0.286772
0.260883
0.122930
0.268132
0.264391
0.111870
0.247408
0.272946
0.219735
0.299692
0.151744
0.054835
0.189691
0.089226
0.221098
0.094760
0.135604
0.215543
0.250997
0.128420
0.220438
0.215781
0.153461
0.244190
0.214984
0.250352
0.177400
0.184667
0.216125
0.282263
0.273527
0.194083
0.121510
0.133558
0.353836
0.230623
0.150081
0.115770
0.151224
0.328425
0.242404
0.356193
0.306827
0.204978
0.297122
0.352162
0.335551
0.278565
0.314176
0.138906
0.247550
0.170059
0.268702
0.476813
0.371821
0.214192
0.368471
0.396311
0.261814
0.262732
0.304361
0.301189
0.371939
0.358890
0.407006
0.354517
0.385353
0.275265
0.304961
0.363613
0.273444
0.265011
0.422906
0.321822
0.258090
0.321164
0.330637
0.482476
0.394857
0.401351
0.468670
0.409792
0.286331
0.411442
0.273521
0.436753
0.325148
0.466617
0.324707
0.401765
0.393582
0.381251
0.400485
0.496580
0.374709
0.452588
0.286913
0.329104
0.393576
0.456000
0.365931
0.407930
0.197381
0.299148
0.434125
0.369989
0.462950
0.330286
0.482894
0.382356
0.507786
0.404210
0.365084
0.432649
0.457723
0.339191
0.432018
0.442653
0.478942
0.438626
0.578735
0.467638
0.506467
0.467457
0.407239
0.431607
0.411296
0.595246
0.388582
0.342449
0.471411
0.550745
0.454495
0.381916
0.416065
0.346791
0.524204
0.644854
0.555348
0.417838
0.414238
0.511343
0.377381
0.413560
0.387308
0.527205
0.418597
0.512404
0.557891
0.363492
0.511176
0.508766
0.550643
0.361977
0.586527
0.477773
0.505761
0.629869
0.527500
0.462581
0.426142
0.439199
0.433002
0.411698
0.632591
0.609784
0.525401
0.439614
0.578057
0.401962
0.690149
0.517576
0.612047
0.609465
0.463539
0.403671
0.514072
0.575381
0.609444
0.572349
0.537790
0.669047
0.548171
0.613657
0.592263
0.551683
0.504779
0.530354
0.545177
0.499372
0.644817
0.537837
0.629134
0.459337
0.444974
0.603105
0.659837
0.575268
0.654476
0.616404
0.613834
0.666269
0.552594
0.680811
0.562719
0.592122
0.552254
0.662837
0.587694
0.381696
0.739700
0.660975
0.512805
0.560556
0.500416
0.581294
0.426348
0.571514
0.420543
0.569147
0.667119
0.642234
0.724362
0.552792
0.509879
0.623086
0.516777
0.524576
0.429206
0.771338
0.542798
0.478082
0.595869
0.612144
0.714695
0.655920
0.595300
0.812057
0.547414
0.591015
0.673708
0.713420
0.601939
0.726095
0.654812
0.748286
0.629836
0.749338
0.770625
0.637154
0.513795
0.711713
0.713323
0.684596
0.816608
0.644013
0.709629
0.712763
0.742670
0.733419
0.631807
0.700049
0.673204
0.777909
0.578256
0.776328
0.680522
0.780562
0.796351
0.590563
0.789156
0.764979
0.751515
0.715218
0.718016
0.860629
0.823108
0.759903
0.729219
0.802296
0.608218
0.785726
0.763713
0.815166
0.677912
0.731763
0.736351
0.662313
0.817474
0.859260
0.716318
0.693657
0.815413
0.610768
0.865302
0.797912
0.794828
0.813518
0.699701
0.718025
0.905412
0.939752
0.691732
0.676267
0.631171
0.758048
0.872451
0.818850
0.779559
0.789612
0.729573
0.788893
0.594618
0.696549
0.647553
0.617139
0.799144
0.731993
0.760898
0.786102
0.884535
0.692847
0.749519
0.765768
0.659552
0.826331
0.782196
0.787409
0.800762
0.814752
0.773579
0.822122
0.701407
0.714813
0.858262
0.706504
0.728180
0.855581
0.850122
0.782936
0.819478
0.821677
0.840052
0.760508
0.774565
0.869484
0.738093
0.908732
0.781642
0.809181
0.730063
0.853820
0.793641
0.815389
0.723499
0.936403
0.897633
0.848217
0.806909
0.937520
0.739742
0.854221
0.901052
0.953687
0.755163
0.829105
0.703361
0.792286
0.843657
0.987868
0.826654
1.000649
0.848407
0.792620
0.751290
0.845790
0.737199
0.839872
0.869689
0.889847
0.678122
0.745520
0.869238
1.074394
0.813512
0.719796
0.831939
0.855538
0.835513
0.779262
0.582032
0.792920
0.902330
0.890984
0.764746
0.754755
0.893885
0.833560
0.767117
0.796520
0.849319
0.809091
0.912837
0.784490
1.089645
0.848639
0.910615
0.812156
0.848050
0.943555
0.780340
0.873774
0.776844
0.810378
0.996359
0.769439
0.723847
0.853709
0.945304
1.012660
1.001016
0.743948
0.927598
0.869007
1.090619
0.870039
0.930231
0.861526
0.917255
0.891094
0.989185
0.874653
0.908013
0.974399
0.879444
0.831207
0.860540
1.031521
0.902140
1.029455
0.891163
1.033594
0.914491
0.975594
0.872432
0.964960
0.904581
0.803292
0.959568
0.787583
0.911604
0.885630
0.931693
0.871398
1.056588
1.082977
0.830092
0.896847
0.886783
0.937252
0.879070
1.064825
0.938631
0.892721
0.908992
0.839955
1.003622
0.804890
0.986797
0.975260
0.918806
1.022658
0.872909
0.891303
1.008620
0.838260
0.893694
1.002976
1.058306
0.891642
1.002010
1.065274
0.832095
0.789079
0.901374
1.037625
0.939521
0.823457
0.946946
0.980018
0.992645
0.849632
0.973437
0.929847
0.964471
1.029046
0.826953
1.046601
0.881545
0.951240
0.852170
0.866957
0.927927
0.993164
0.941131
0.890832
1.074979
0.965044
0.995998
1.057157
0.915796
0.959858
1.040291
0.954183
0.937855
0.949258
1.054392
0.890513
0.985632
0.951768
0.909230
0.951593
0.870961
1.005562
1.093377
1.071116
1.078092
0.966391
1.060947
0.946201
0.883649
1.031937
0.998073
1.083028
1.188514
0.865834
0.978565
0.974124
1.068671
0.955795
0.966687
0.815833
0.943227
0.920072
0.828970
1.030940
0.953918
0.870296
0.960171
1.124025
0.897234
0.890483
1.021526
1.078606
0.935842
1.079352
1.087234
0.979812
0.907085
1.006010
0.999453
0.989758
1.009646
0.934503
0.843852
1.038947
1.054535
1.018619
0.918334
1.007727
1.025745
0.858349
1.014193
0.942070
1.166269
0.945721
1.048489
1.018066
1.018764
1.055754
0.938687
1.020836
1.001185
1.089599
1.093129
0.901101
1.024393
1.042588
0.949208
0.988607
1.024156
0.997540
0.939309
1.072681
0.923127
1.118124
0.962583
1.014412
0.986753
1.007867
1.010854
0.918183
0.931276
0.980264
1.018522
1.035240
0.983001
1.123486
1.098710
0.946442
0.971447
1.016908
0.881174
0.991373
0.849813
1.087983
0.923920
0.929868
0.983551
1.038118
0.942540
1.183898
1.040574
1.016120
1.021887
0.956127
0.954610
1.127136
1.019739
1.053825
0.914705
1.074659
1.099969
0.842568
0.969212
1.073863
1.127437
0.877132
0.999064
1.071645
0.983419
0.951560
1.052120
1.232921
0.882196
0.960229
0.968325
1.058061
0.953100
0.995866
1.076016
1.067737
1.174643
0.984254
1.063078
0.876631
1.121784
1.039759
1.059283
0.953195
1.004474
1.137722
0.998339
1.028987
1.100072
0.958159
1.079256
0.948633
0.908290
0.978971
1.010515
1.095357
1.009258
0.989657
1.009992
1.047875
0.964294
0.901024
1.014323
0.936996
0.926416
1.011155
1.091637
0.969430
1.190425
1.071360
1.017646
1.037252
1.127873
1.004614
0.984444
1.080507
0.838727
1.014550
1.021967
1.004556
0.980806
0.913211
1.002046
0.872945
0.951584
1.059517
0.874596
0.970115
1.060230
0.995407
1.059811
0.984236
1.024454
1.173478
1.097699
1.009597
0.981390
1.111311
0.935975
1.010996
0.965737
1.026494
1.167484
1.069974
0.905223
0.934762
0.973516
0.993158
0.941474
0.905812
0.884673
0.925954
1.022182
0.984122
0.982674
0.932656
0.949571
1.087492
1.112444
0.969526
0.978044
0.974067
1.044301
1.027872
0.845514
1.006068
1.107340
0.930266
0.804916
1.159072
0.850137
1.008188
0.983240
0.953942
1.030607
1.040524
1.068006
0.988458
0.902272
0.971190
0.981884
0.938847
0.985964
0.880825
1.031870
1.019323
0.896098
0.798075
0.877745
1.225655
0.943368
1.033056
0.999882
1.032823
1.055236
1.044185
0.856711
0.954497
0.942896
0.962286
1.081232
0.902123
1.042536
0.694419
0.841345
0.924584
0.856847
0.930524
1.031370
0.987490
0.894158
0.899928
0.901535
0.901022
0.824688
0.988728
1.085189
0.859308
1.087568
1.006548
0.923066
1.002862
0.777096
1.022715
0.902208
0.930186
0.955152
1.000402
1.034181
0.997516
1.032671
0.907409
0.899445
0.773424
0.914684
0.843114
0.980044
0.929584
0.774480
0.923092
0.917631
0.932886
0.852852
0.936962
0.959627
0.953551
0.977547
0.951656
0.964135
0.791036
1.005809
0.878478
0.874879
0.939981
0.987278
0.830823
0.927622
0.975339
0.932446
0.839888
0.928605
0.997641
0.908676
1.034405
0.768250
0.874940
0.968228
0.970851
0.904367
0.966774
0.947006
0.967925
0.929706
0.875167
0.868636
1.014655
0.941878
0.849665
0.935442
1.009993
0.990850
0.765408
0.802123
0.988435
0.912573
0.899333
0.855713
0.840610
0.966728
0.941980
0.922102
0.723236
0.786147
1.030773
0.892195
0.850501
0.874881
0.927743
0.900398
0.843808
0.866918
0.927266
0.813300
0.993479
0.825257
0.805560
0.929391
1.005169
0.954860
0.891514
0.639977
0.837229
0.960418
0.800374
0.901062
0.891324
0.785527
0.930337
0.892878
0.831186
0.847732
0.789725
0.847120
0.804676
0.822192
0.983735
0.960978
0.860482
0.907677
0.866046
0.782354
1.066913
0.890060
0.899160
0.674791
0.974728
0.947188
1.034563
0.792980
0.939358
0.929155
0.963008
0.919792
0.902881
0.828785
0.905917
0.781710
0.756212
0.876967
1.131635
0.737477
0.840304
0.744089
0.941192
0.784192
0.825902
0.801491
0.756467
0.866423
0.891973
0.620150
0.901648
0.837381
0.770992
0.712633
0.845744
0.862289
0.749011
0.799290
0.921643
0.802247
0.691036
0.742616
0.801397
0.855067
0.831683
0.756517
0.989328
0.764983
0.776234
0.765400
0.832725
0.900351
0.833321
0.780030
0.890427
0.636989
0.746251
0.680166
0.707921
0.854405
0.705593
0.749825
0.878625
0.686691
0.867930
0.669089
0.736701
0.710641
0.788200
0.728898
0.693690
0.724662
0.752186
0.725923
0.867866
0.721182
0.764318
0.724047
0.735728
0.815640
0.832824
0.742268
0.704681
0.743817
0.753721
0.607512
0.783292
0.628682
0.780882
0.590389
0.743909
0.679882
0.731049
0.760560
0.651846
0.809908
0.705199
0.604860
0.797539
0.827725
0.571599
0.683571
0.924821
0.760995
0.758627
0.716016
0.787112
0.647078
0.692297
0.761066
0.739419
0.766037
0.657360
0.654798
0.714947
0.656495
0.614724
0.688237
0.859957
0.812265
0.798776
0.736859
0.742289
0.813664
0.759136
0.755519
0.603440
0.721931
0.628625
0.600733
0.640001
0.732483
0.760245
0.736413
0.691496
0.687251
0.705478
0.709960
0.608047
0.725032
0.684396
0.624011
0.596051
0.634766
0.906486
0.735005
0.698661
0.538237
0.684319
0.682733
0.577083
0.828400
0.532351
0.690924
0.613682
0.710379
0.490515
0.683376
0.671510
0.612539
0.646334
0.704679
0.689136
0.664647
0.509180
0.566770
0.562886
0.624928
0.605879
0.557283
0.657270
0.655895
0.546008
0.768385
0.568249
0.596143
0.697626
0.586576
0.549686
0.763458
0.717562
0.714300
0.690691
0.570511
0.646498
0.697327
0.583853
0.561482
0.584069
0.537369
0.504772
0.499850
0.546052
0.498426
0.607731
0.663442
0.761861
0.789429
0.469005
0.631200
0.664653
0.630709
0.523141
0.559719
0.554614
0.563614
0.476807
0.505953
0.627821
0.461083
0.408106
0.612050
0.590257
0.574785
0.563593
0.572152
0.471897
0.431992
0.687678
0.638644
0.657884
0.492974
0.587877
0.538125
0.526196
0.491643
0.632372
0.513290
0.397325
0.593970
0.432307
0.635082
0.527717
0.438366
0.524001
0.431802
0.589013
0.402334
0.488339
0.497690
0.474174
0.407125
0.391378
0.509225
0.353335
0.533927
0.605090
0.527353
0.440568
0.280984
0.583318
0.466298
0.515454
0.424288
0.441852
0.575792
0.572680
0.423311
0.604052
0.343000
0.502759
0.470537
0.417246
0.433295
0.365806
0.420572
0.436188
0.483339
0.458714
0.403626
0.247583
0.613083
0.421899
0.518563
0.503930
0.458231
0.418071
0.358629
0.483027
0.307977
0.466888
0.364944
0.462560
0.325853
0.285660
0.526137
0.394870
0.394516
0.375364
0.448201
0.422532
0.506080
0.453120
0.361173
0.343998
0.318923
0.447278
0.346790
0.342787
0.251198
0.355552
0.557830
0.372983
0.566138
0.256204
0.405990
0.471483
0.394883
0.501628
0.490933
0.336315
0.324546
0.390767
0.395649
0.344540
0.259764
0.338584
0.358000
0.448689
0.279882
0.180460
0.330413
0.299418
0.278980
0.419071
0.210077
0.185181
0.468004
0.426184
0.282891
0.368789
0.350463
0.381457
0.381670
0.202879
0.210922
0.268998
0.305382
0.294216
0.407022
0.271054
0.355144
0.326991
0.338738
0.185086
0.283460
0.190523
0.361001
0.393162
0.193973
0.275445
0.345314
0.158371
0.425908
0.324389
0.339476
0.261703
0.273037
0.235827
0.379661
0.186298
0.243859
0.276937
0.261206
0.294777
0.223587
0.407393
0.241322
0.299984
0.319360
0.274785
0.185827
0.329917
0.296574
0.180640
0.114407
0.198756
0.226644
0.266295
0.343642
0.169250
0.214827
0.221667
0.198291
0.191548
0.229548
0.294357
0.259095
0.116281
0.071654
0.331147
0.269545
0.311265
0.307165
0.201747
0.149744
0.131768
0.085750
0.227607
0.201589
0.290585
0.169956
0.153747
0.221864
0.291691
0.139948
0.065945
0.156244
0.204187
0.298460
0.271120
0.209486
0.093539
0.129749
0.088047
0.301302
0.149860
0.130670
0.189183
0.053160
0.130398
0.204685
0.167622
0.128577
0.132677
0.047407
0.194491
0.045954
0.052621
0.101748
-0.030995
0.079864
0.265100
0.168931
0.002076
0.242239
0.100364
-0.016805
0.062074
0.025018
-0.037891
0.119062
0.264586
0.090003
0.181760
0.016962
0.199201
0.118296
0.051386
-0.007920
-0.054012
0.108166
0.087313
0.135180
0.135893
0.049352
-0.070243
0.044218
0.118751
0.058971
-0.092138
0.119284
-0.032993
0.111574
0.110908
0.007863
-0.076821
-0.031680
-0.054148
0.153650
0.003029
-0.068049
0.029674
-0.073663
0.022422
0.055732
0.025371
-0.002950
-0.020008
-0.136272
0.080742
0.058648
0.081000
-0.026260
-0.063139
0.149353
0.019638
0.036468
-0.030307
0.030445
0.019813
-0.080939
0.015816
-0.050014
-0.029749
0.051540
-0.107246
-0.082761
0.109545
0.049823
-0.006361
0.034342
-0.074012
-0.005496
-0.013304
-0.072809
0.005072
0.021221
-0.084068
-0.169021
-0.093530
-0.037497
-0.008404
0.010560
0.094162
-0.112955
-0.023498
-0.060408
-0.151844
-0.119362
-0.009225
-0.093789
0.112325
-0.054568
-0.096796
-0.109693
0.070134
0.044040
0.128144
0.069028
-0.148774
-0.015242
-0.086524
-0.022502
-0.088407
-0.051110
-0.101854
-0.093981
-0.117878
-0.111268
0.089536
-0.193897
-0.151580
-0.121398
-0.089216
0.129524
-0.133216
-0.138196
-0.209387
-0.082203
-0.218798
-0.143068
-0.088887
-0.153209
-0.247665
-0.004525
-0.202038
-0.014271
-0.170296
-0.149800
-0.139188
-0.135092
-0.129240
-0.242440
-0.163722
-0.027040
-0.089419
-0.129336
-0.243006
-0.086045
-0.216302
-0.259415
-0.076760
-0.285286
-0.232379
-0.228049
-0.080631
-0.285233
-0.158692
-0.264211
-0.188357
-0.271708
-0.072647
-0.163790
-0.259692
-0.233515
-0.241003
-0.153181
-0.244890
-0.169432
-0.248166
-0.277668
-0.256386
-0.252622
-0.279540
-0.188371
-0.190647
-0.252609
-0.305371
-0.236478
-0.318117
-0.128437
-0.220526
-0.267747
-0.137965
-0.222791
-0.286830
-0.263134
-0.361980
-0.316510
-0.349433
-0.183771
-0.275611
-0.208406
-0.218568
-0.243178
-0.237282
-0.219313
-0.234836
-0.258047
-0.309249
-0.177199
-0.317970
-0.349851
-0.210472
-0.315733
-0.372434
-0.526696
-0.292797
-0.268944
-0.372534
-0.255570
-0.240762
-0.250308
-0.253566
-0.202028
-0.308232
-0.423610
-0.295996
-0.124388
-0.240674
-0.261564
-0.264447
-0.277061
-0.390775
-0.354546
-0.249924
-0.309891
-0.388583
-0.367776
-0.180635
-0.261817
-0.275080
-0.300683
-0.350644
-0.401501
-0.372872
-0.351914
-0.478297
-0.202068
-0.353050
-0.388475
-0.238531
-0.413372
-0.404865
-0.257986
-0.268909
-0.377250
-0.419094
-0.328613
-0.261531
-0.573046
-0.379373
-0.378751
-0.382622
-0.500150
-0.340662
-0.285547
-0.295948
-0.339765
-0.382686
-0.486746
-0.243518
-0.429159
-0.422638
-0.589022
-0.434817
-0.350335
-0.469475
-0.357065
-0.379368
-0.442087
-0.497808
-0.346359
-0.595785
-0.389600
-0.402158
-0.479653
-0.519996
-0.467243
-0.474444
-0.510374
-0.541676
-0.515737
-0.548616
-0.390576
-0.553334
-0.518331
-0.373848
-0.526904
-0.309197
-0.526409
-0.271845
-0.499305
-0.455842
-0.586418
-0.417775
-0.395423
-0.468975
-0.361668
-0.471395
-0.323198
-0.490270
-0.492070
-0.405882
-0.502407
-0.351111
-0.524051
-0.536400
-0.380582
-0.421810
-0.474085
-0.493691
-0.519513
-0.512529
-0.558869
-0.492110
-0.395606
-0.566226
-0.364994
-0.469491
-0.417687
-0.389834
-0.474283
-0.582071
-0.358055
-0.483644
-0.453354
-0.740959
-0.488854
-0.541117
-0.508946
-0.593758
-0.615718
-0.415794
-0.474351
-0.443085
-0.608627
-0.588660
-0.505724
-0.601828
-0.542711
-0.595640
-0.488308
-0.540201
-0.558258
-0.598392
-0.672476
-0.548954
-0.458738
-0.451255
-0.609834
-0.623313
-0.653358
-0.632404
-0.531858
-0.595103
-0.552764
-0.738935
-0.519715
-0.570883
-0.606886
-0.472612
-0.582090
-0.715978
-0.552801
-0.587468
-0.562074
-0.617850
-0.638904
-0.449882
-0.582276
-0.608742
-0.562625
-0.595600
-0.480401
-0.591317
-0.548638
-0.670373
-0.706926
-0.498372
-0.527162
-0.578226
-0.492176
-0.550422
-0.740579
-0.699056
-0.658672
-0.632484
-0.590150
-0.711078
-0.594397
-0.641780
-0.570505
-0.620979
-0.585222
-0.625249
-0.626901
-0.803133
-0.624207
-0.579959
-0.545686
-0.793966
-0.555896
-0.682568
-0.685916
-0.641094
-0.716923
-0.538100
-0.808742
-0.612433
-0.671015
-0.590351
-0.623977
-0.674852
-0.493059
-0.750677
-0.732258
-0.598945
-0.533122
-0.648451
-0.595663
-0.654451
-0.711024
-0.661678
-0.765789
-0.628257
-0.633034
-0.637476
-0.583756
-0.622762
-0.817517
-0.733604
-0.704838
-0.959988
-0.630694
-0.716427
-0.607290
-0.626862
-0.636740
-0.789951
-0.715953
-0.833632
-0.761424
-0.645301
-0.802235
-0.677960
-0.811796
-0.729458
-0.715766
-0.570920
-0.852554
-0.661969
-0.757724
-0.669677
-0.802733
-0.605562
-0.827146
-0.560557
-0.762685
-0.600470
-0.892130
-0.771392
-0.822854
-0.938927
-0.774279
-0.682673
-0.579530
-0.691897
-0.673989
-0.691371
-0.628315
-0.688908
-0.849963
-0.822466
-0.772572
-0.764369
-0.766865
-0.970591
-0.828847
-0.890249
-0.798886
-0.812636
-0.687751
-0.656881
-0.739226
-0.708432
-0.744553
-0.643371
-0.837816
-0.747951
-0.879743
-0.688689
-0.808170
-0.822951
-0.546400
-0.707377
-0.791352
-0.735381
-0.711084
-0.783092
-0.893875
-0.764181
-0.667152
-0.845980
-0.790296
-0.699230
-0.771044
-0.670805
-0.930150
-0.773978
-0.805870
-0.898732
-0.702693
-0.774942
-0.742766
-0.850043
-0.654790
-0.778519
-0.851586
-0.869817
-0.788067
-0.743333
-0.918978
-0.782620
-0.931834
-0.926821
-0.816875
-0.871451
-0.780296
-0.815160
-0.926286
-0.706658
-0.830384
-0.711897
-0.855249
-0.792975
-0.789118
-0.976548
-0.887648
-0.875563
-0.914728
-0.856685
-0.816335
-0.861100
-0.891866
-0.817673
-0.786151
-0.926714
-0.768685
-0.926227
-0.897267
-0.842590
-0.826132
-0.831031
-0.919852
-0.940437
-0.878562
-0.884237
-0.873581
-0.795605
-0.852633
-0.852818
-0.928101
-0.894558
-0.873726
-0.958668
-0.767462
-0.900491
-0.799445
-0.900082
-0.758066
-0.803144
-0.916320
-0.937918
-0.991025
-0.861645
-0.740348
-0.884427
-0.758458
-0.761353
-0.725287
-1.001454
-0.897466
-0.951333
-0.977307
-0.889826
-0.856675
-0.938931
-0.911288
-0.920012
-0.935415
-0.933448
-0.808406
-0.908302
-0.778494
-0.791866
-0.861665
-0.774196
-0.810628
-0.915548
-0.993512
-0.680157
-0.935709
-0.824134
-0.917223
-0.929799
-0.864313
-0.926862
-0.860731
-0.937485
-0.866368
-0.919375
-0.859157
-0.851945
-0.861531
-0.948082
-0.944987
-0.901346
-0.988772
-0.868724
-1.035757
-1.017195
-0.838459
-0.894928
-0.971324
-0.873938
-0.831214
-0.878568
-0.891768
-0.972862
-0.899614
-0.880102
-0.953055
-1.018101
-0.927481
-0.950560
-0.962359
-1.013435
-0.947526
-0.803967
-0.883814
-0.775968
-1.015803
-0.796619
-0.944406
-0.875821
-0.875373
-0.960193
-1.058253
-0.896270
-1.110555
-1.058509
-0.946133
-1.020504
-0.906675
-0.933221
-0.905926
-1.022137
-0.872034
-0.844537
-0.924805
-0.872457
-0.902486
-0.936151
-0.922437
-1.010242
-0.880047
-0.955984
-0.875403
-1.076714
-1.019372
-1.017377
-0.875385
-0.974768
-1.068933
-0.944625
-0.864820
-1.101443
-0.920280
-1.049554
-0.966330
-0.854288
-0.929379
-0.845903
-0.882802
-1.092556
-1.051517
-1.052397
-0.896780
-0.850922
-1.106736
-0.913716
-0.809877
-0.955470
-0.879197
-0.756961
-1.029044
-1.139278
-0.769194
-0.931908
-0.948844
-1.020275
-0.829037
-0.823056
-0.804829
-1.232266
-1.061035
-1.089411
-0.906403
-0.876677
-0.939140
-0.936828
-0.925471
-1.048607
-0.968169
-1.015827
-1.015083
-0.914125
-0.945538
-0.957160
-0.974195
-1.057116
-1.002316
-0.970999
-0.907856
-0.983683
-1.068824
-0.988059
-0.988820
-0.944950
-0.970805
-1.044184
-0.993459
-1.050702
-0.952596
-0.855449
-1.075019
-0.961897
-0.881271
-1.019477
-0.900097
-0.921202
-1.121121
-1.033392
-1.039296
-0.946561
-0.802005
-0.989415
-0.855947
-1.046917
-1.004399
-1.013759
-0.987381
-0.904659
-0.992542
-1.108248
-0.972905
-1.113790
-0.968320
-1.091046
-0.993072
-0.954836
-1.071237
-1.011130
-0.842155
-0.890291
-0.953336
-1.014555
-1.029968
-1.027184
-0.903552
-0.952033
-1.017293
-1.050156
-0.875566
-0.950710
-0.939070
-0.980309
-1.133335
-0.955428
-1.072811
-1.038456
-1.105185
-0.974147
-1.049421
-1.102546
-1.013772
-0.985168
-0.904506
-0.939169
-0.896121
-0.998400
-1.037570
-1.107872
-1.029071
-0.912925
-1.078112
-1.064004
-0.901306
-1.008200
-0.887050
-1.029956
-0.795245
-1.063215
-0.966891
-1.108803
-0.961951
-0.977404
-1.037448
-0.919434
-1.002944
-1.083683
-0.867362
-1.021223
-1.091553
-0.955193
-0.990884
-1.064572
-0.934081
-0.916140
-0.951550
-0.884730
-1.066397
-1.020849
-0.972718
-0.880551
-0.951679
-1.016642
-0.933420
-1.098311
-1.019576
-1.007063
-1.111521
-0.935365
-0.863954
-1.043961
-1.072390
-1.026139
-1.005449
-0.999221
-1.008487
-1.048896
-0.908835
-1.150256
-0.981268
-1.072246
-1.086819
-1.024610
-0.997276
-0.908350
-0.813062
-0.953572
-0.951729
-1.186161
-0.958225
-0.979695
-1.001469
-1.074118
-0.992572
-1.066261
-0.937164
-1.026723
-0.971403
-1.001545
-0.923722
-0.914064
-0.911164
-0.963986
-1.035059
-0.993757
-1.115290
-0.964625
-1.054277
-0.907706
-1.127878
-0.889142
-0.979658
-1.057690
-1.066435
-0.949880
-0.898409
-1.008087
-1.032112
-1.007959
-0.999389
-0.959077
-1.039913
-0.872460
-0.980278
-1.034141
-0.941007
-1.074137
-0.809679
-0.961623
-0.991442
-1.035464
-0.916641
-1.025192
-1.008325
-1.053782
-0.991542
-1.250031
-0.977307
-0.973449
-0.986123
-0.992711
-1.038096
-0.850967
-0.976543
-0.946799
-0.943541
-0.961349
-0.966853
-0.959984
-1.030303
-0.995966
-0.980977
-1.042127
-1.011793
-0.939600
-0.929498
-1.008584
-1.027618
-0.997008
-0.981518
-0.934165
-1.018680
-0.915807
-0.938920
-0.792016
-0.984856
-0.958695
-0.948344
-1.031953
-1.073779
-0.959734
-1.039686
-0.821967
-1.132903
-0.923404
-0.940740
-0.782995
-1.062166
-0.981932
-0.832710
-1.035066
-0.968728
-1.052933
-0.902829
-0.885248
-1.136355
-1.039571
-0.973033
-1.032829
-1.038832
-1.009908
-1.017872
-1.064574
-0.978107
-0.905211
-0.943366
-0.916175
-0.963402
-0.952986
-0.958299
-0.870902
-1.019884
-0.879414
-0.921929
-0.986965
-0.873948
-0.958108
-1.139185
-0.794789
-0.993686
-0.892867
-1.048352
-0.910224
-0.947656
-0.826720
-0.857005
-1.078157
-0.975274
-0.925875
-1.016162
-0.850806
-0.904207
-0.912425
-0.870534
-0.973282
-0.909675
-0.824378
-0.956427
-0.866055
-0.873103
-0.864990
-0.940555
-0.777122
-0.960416
-0.899718
-1.153366
-0.969423
-0.953426
-0.980029
-0.941795
-0.952500
-0.911021
-0.890541
-0.970958
-0.948270
-0.828307
-0.953603
-0.987158
-0.873633
-0.921042
-1.043774
-0.782263
-1.057369
-0.951219
-0.961327
-0.940322
-0.816130
-0.859166
-0.848585
-0.897069
-0.946946
-0.883303
-0.865322
-0.846239
-0.857557
-0.858818
-0.885865
-1.002207
-0.769587
-0.918246
-0.767888
-0.842935
-0.935038
-0.975129
-0.876875
-0.834404
-0.874874
-0.870508
-0.847963
-0.797716
-0.850802
-0.809669
-0.713262
-0.924568
-0.925636
-0.966118
-0.828520
-0.927325
-0.798673
-0.914939
-0.840224
-0.893270
-0.777398
-0.903146
-0.874937
-0.986265
-0.773864
-0.870143
-0.767261
-0.982529
-0.968814
-0.873662
-0.897960
-0.821987
-0.839063
-0.874743
-0.867220
-1.049587
-0.939278
-0.732030
-0.759769
-0.843602
-0.810021
-0.848650
-0.795853
-0.931637
-0.766136
-0.985408
-0.697256
-0.838688
-0.661422
-0.976278
-0.845281
-0.753734
-0.753937
-0.880731
-0.799873
-0.864281
-0.840679
-0.744368
-1.016193
-0.738953
-0.775205
-0.803543
-0.936650
-0.737132
-0.736160
-0.776036
-0.881694
-0.704314
-0.703525
-1.006021
-0.781511
-0.975121
-0.773472
-0.802685
-0.883661
-0.800506
-0.807810
-0.794143
-0.923841
-0.852731
-0.768190
-0.709697
-0.673553
-0.821064
-0.704471
-0.704419
-0.833185
-0.842376
-0.788305
-0.855435
-0.758861
-0.752936
-0.811061
-0.729146
-0.786811
-0.775653
-0.714914
-0.840515
-0.764939
-0.694787
-0.726918
-0.927446
-0.693592
-0.993135
-0.893789
-0.648517
-0.748031
-0.763926
-0.718790
-0.812735
-0.857758
-0.814387
-0.726417
-0.661125
-0.698306
-0.594076
-0.732770
-0.776564
-0.816385
-0.785425
-0.703308
-0.904005
-0.831173
-0.706092
-0.837387
-0.754845
-0.844458
-0.818155
-0.904182
-0.787641
-0.501459
-0.748733
-0.734587
-0.738626
-0.663279
-0.698225
-0.621206
-0.747028
-0.559099
-0.585639
-0.745218
-0.690696
-0.707529
-0.624733
-0.713434
-0.528460
-0.689312
-0.651837
-0.760257
-0.826745
-0.810014
-0.727952
-0.678667
-0.608183
-0.704125
-0.721030
-0.658911
-0.740168
-0.576554
-0.816865
-0.704422
-0.722477
-0.719665
-0.685469
-0.794544
-0.637531
-0.690609
-0.785406
-0.653478
-0.683514
-0.660173
-0.628157
-0.766178
-0.630631
-0.764801
-0.668098
-0.584397
-0.704704
-0.722474
-0.655235
-0.676926
-0.694088
-0.652211
-0.853345
-0.730846
-0.669681
-0.656536
-0.713231
-0.618658
-0.594949
-0.673708
-0.585877
-0.705868
-0.816687
-0.711879
-0.677725
-0.696437
-0.577407
-0.519448
-0.530864
-0.709858
-0.732959
-0.630163
-0.643554
-0.543998
-0.593423
-0.538051
-0.518840
-0.536431
-0.653473
-0.746286
-0.651970
-0.574755
-0.561813
-0.594417
-0.685768
-0.440092
-0.651337
-0.539824
-0.491989
-0.654282
-0.608704
-0.586740
-0.651608
-0.532898
-0.678241
-0.511641
-0.633301
-0.675836
-0.556798
-0.637449
-0.541195
-0.667890
-0.623328
-0.467012
-0.620003
-0.649968
-0.465882
-0.647804
-0.651204
-0.592103
-0.526885
-0.581823
-0.581530
-0.580939
-0.534974
-0.412554
-0.423346
-0.575683
-0.505065
-0.644747
-0.586747
-0.684679
-0.500720
-0.486292
-0.568363
-0.487171
-0.459644
-0.627284
-0.425337
-0.597914
-0.473983
-0.507800
-0.630891
-0.404419
-0.485274
-0.568881
-0.495996
-0.443562
-0.500676
-0.620207
-0.631891
-0.548207
-0.479937
-0.457985
-0.366228
-0.467488
-0.494814
-0.358470
-0.517401
-0.493753
-0.478928
-0.645370
-0.585094
-0.456965
-0.434084
-0.547465
-0.626194
-0.458196
-0.515475
-0.427915
-0.465556
-0.460256
-0.532183
-0.491692
-0.574621
-0.464319
-0.420945
-0.441932
-0.334218
-0.395819
-0.410777
-0.321263
-0.413353
-0.431177
-0.553954
-0.413363
-0.317339
-0.317391
-0.297658
-0.409416
-0.369839
-0.547057
-0.356528
-0.421743
-0.402277
-0.446007
-0.474030
-0.381100
-0.475600
-0.489072
-0.389571
-0.462344
-0.231062
-0.441860
-0.336958
-0.401147
-0.412288
-0.244856
-0.336304
-0.441561
-0.364213
-0.486570
-0.461890
-0.467131
-0.386898
-0.376288
-0.267500
-0.484724
-0.489272
-0.404859
-0.470679
-0.452945
-0.414918
-0.250928
-0.501636
-0.267302
-0.495150
-0.385397
-0.390602
-0.427467
-0.349865
-0.543910
-0.224741
-0.380945
-0.345818
-0.277831
-0.278356
-0.344894
-0.350783
-0.289802
-0.304204
-0.283053
-0.409991
-0.365549
-0.391648
-0.454430
-0.355793
-0.275251
-0.335975
-0.508551
-0.168603
-0.409702
-0.377924
-0.358987
-0.240137
-0.404886
-0.339456
-0.337602
-0.415043
-0.301652
-0.285677
-0.193477
-0.226628
-0.393281
-0.285042
-0.279196
-0.266427
-0.259471
-0.128440
-0.304919
-0.387426
-0.264755
-0.150379
-0.274134
-0.343818
-0.257710
-0.260492
-0.153607
-0.391136
-0.203773
-0.233261
-0.310894
-0.225618
-0.185507
-0.136894
-0.236737
-0.148650
-0.148156
-0.310909
-0.319811
-0.096136
-0.141206
-0.291066
-0.411086
-0.256757
-0.217483
-0.207351
-0.331101
-0.306504
-0.172501
-0.172522
-0.298388
-0.213784
-0.139880
-0.289526
-0.108559
-0.298982
-0.356609
-0.197910
-0.013208
-0.066122
-0.120385
-0.142949
-0.131562
-0.114745
-0.197544
-0.163630
-0.145049
-0.154691
-0.241812
-0.211564
-0.272320
-0.145478
-0.109748
-0.160323
-0.142556
-0.186136
-0.284120
-0.214319
-0.165712
-0.233296
-0.233632
-0.256531
-0.171274
-0.205161
-0.249350
-0.144056
-0.142026
-0.141735
-0.118041
0.005780
0.033860
-0.046119
-0.231689
-0.192388
-0.165568
-0.194067
-0.177148
-0.141795
-0.060981
-0.286985
-0.176219
-0.166233
-0.108850
-0.194874
-0.058939
-0.227291
-0.087422
-0.061493
-0.085107
-0.248230
-0.071598
0.005733
-0.092034
-0.010609
-0.181994
0.022334
-0.030084
-0.011615
-0.059557
-0.013360
-0.014449
-0.054960
-0.108208
0.006165
-0.041065
-0.116858
0.126438
-0.187869
-0.147484
0.000953
0.061376
-0.132043
-0.096586
-0.079940
-0.056279
-0.000975
0.073882
0.031772
-0.148312
-0.092794
-0.034571
0.145186
0.043364
-0.077346
0.124932
-0.064026
0.087130
-0.147135
0.032184
-0.012404
0.037376
0.107303
0.115871
-0.117771
0.042594
0.028211
0.085621
0.009687
-0.001349
-0.073184
-0.078742
-0.120650
-0.093269
0.078572
0.040254
0.036098
0.169699
-0.016645
0.156385
0.089078
0.131954
0.082785
0.109385
0.111597
0.064526
-0.016795
-0.027719
0.036443
-0.039421
0.157823
0.086118
0.094326
-0.015453
-0.065433
0.028801
0.024093
0.023358
0.081109
0.001255
-0.009481
-0.054971
0.153528
0.144981
0.146365
0.013776
0.028758
0.199610
0.123021
0.171072
0.095850
0.047040
0.130813
-0.002163
0.168915
0.147900
0.095319
0.214315
0.066671
0.159097
0.190192
0.094081
0.100125
0.158884
0.302131
0.147129
0.066186
0.326475
0.234356
0.169620
0.151516
0.128373
0.264613
0.249911
0.169553
0.198388
0.183534
0.334318
0.205612
0.095949
0.234893
0.138170
0.235054
0.179093
0.154850
0.234222
0.288119
0.227107
0.196030
0.171123
0.105718
0.170134
0.382441
0.288262
0.255245
0.244258
0.339001
0.151428
0.367405
0.349910
0.264316
0.350042
0.383269
0.326534
0.221515
0.175468
0.308486
0.348655
0.361771
0.340468
0.347500
0.427943
0.239927
0.135099
0.231417
0.237665
0.437145
0.382837
0.283468
0.266163
0.367848
0.239950
0.267425
0.437300
0.366985
0.338744
0.219570
0.295258
0.201052
0.341055
0.265667
0.285373
0.334283
0.269094
0.340928
0.243469
0.298708
0.551801
0.355884
0.410342
0.271820
0.404238
0.465472
0.261190
0.414779
0.347080
0.390765
0.345666
0.397052
0.439088
0.372842
0.311763
0.418894
0.437625
0.476280
0.419238
0.519488
0.402515
0.480534
0.421257
0.252240
0.494407
0.413075
0.318217
0.445153
0.374859
0.297010
0.391700
0.391967
0.351224
0.483389
0.425292
0.367720
0.486197
0.501869
0.433150
0.481742
0.479732
0.542694
0.447614
0.404257
0.333854
0.559501
0.443837
0.316602
0.526694
0.346978
0.610818
0.456832
0.496229
0.458803
0.453880
0.605741
0.513609
0.352691
0.535029
0.517467
0.392475
0.501962
0.512252
0.511587
0.509138
0.369129
0.544311
0.551416
0.421719
0.534901
0.496641
0.540331
0.409812
0.443031
0.544537
0.668189
0.492358
0.385412
0.527603
0.510911
0.503022
0.519030
0.672447
0.462565
0.543349
0.546006
0.575668
0.487247
0.507543
0.501933
0.527975
0.505522
0.504550
0.532550
0.639179
0.439137
0.670834
0.667528
0.550617
0.600654
0.565796
0.645135
0.579367
0.642749
0.566248
0.571196
0.453622
0.665968
0.569779
0.722806
0.564474
0.587178
0.469776
0.537725
0.709304
0.670533
0.551640
0.692297
0.713907
0.583784
0.627931
0.870430
0.682496
0.577926
0.640500
0.582454
0.757239
0.732417
0.604177
0.756151
0.711320
0.853051
0.725610
0.569668
0.728690
0.464164
0.687723
0.614537
0.694826
0.788646
0.641317
0.713591
0.682467
0.742044
0.676380
0.718707
0.750634
0.713624
0.703856
0.705547
0.800459
0.626822
0.679345
0.737083
0.665609
0.629491
0.716580
0.859147
0.733462
0.574813
0.855908
0.799207
0.732884
0.784027
0.649450
0.768719
0.763634
0.702011
0.729103
0.702352
0.742107
0.669030
0.613900
0.815613
0.887453
0.803262
0.782693
0.790265
0.755045
0.714221
0.698491
0.880243
0.839177
0.720626
0.783721
0.758703
0.652205
0.704486
0.755771
0.754257
0.816797
0.775045
0.884900
0.654326
0.783384
0.804805
0.746608
0.669185
0.750812
0.647770
0.685354
0.733003
0.850704
0.780145
0.733093
0.736672
0.645397
0.856760
0.836766
0.778081
0.765821
0.729659
0.642472
0.897629
0.875451
0.733708
0.794976
0.792582
0.919325
0.944258
0.868928
1.015933
0.889151
0.763769
0.796358
0.835647
0.876552
0.737465
0.981259
0.775175
0.974714
0.915764
0.841083
0.922533
0.899374
0.830353
0.913870
0.840103
0.716286
0.873862
0.928878
0.859342
0.895388
0.804816
0.922887
0.837883
0.749025
0.775983
0.767126
0.833170
0.879742
1.008929
0.872133
1.006306
0.721167
0.912230
0.827290
1.065312
0.967809
0.938699
0.856849
0.897852
0.792869
0.789924
0.927384
0.909334
0.824421
1.020247
0.688950
0.896576
0.925991
0.979525
0.890437
1.000842
0.861318
0.966058
0.807439
0.843189
1.059032
0.997216
1.083917
0.976428
0.867018
0.966911
0.930332
0.936586
0.946286
1.067764
0.868037
0.914672
0.983184
0.870163
0.940883
0.946295
0.932103
0.987244
1.011083
0.871121
0.835275
0.960226
0.938630
1.117592
0.830199
0.900087
0.992261
0.930646
0.881955
0.904586
0.987804
0.959160
0.952764
0.907670
0.813809
0.922042
0.894243
0.975385
0.920611
1.031586
0.930735
1.066864
0.828445
0.827557
0.913133
1.057175
0.879744
0.953412
0.910176
0.804302
0.946096
1.050179
0.973104
1.054101
0.774393
0.803269
0.932487
0.871843
0.925880
0.948898
0.932037
0.949854
0.937418
1.021319
0.946603
0.984944
0.951915
1.079965
0.883017
0.967449
0.917759
0.969347
0.870813
1.013796
1.024197
0.972816
1.028155
1.039861
1.093667
0.919325
1.071902
1.024665
0.796545
0.822464
0.954311
0.873180
1.056601
1.017997
0.858480
1.084561
0.927196
1.009200
0.911566
0.954496
0.931678
1.016044
0.993399
0.943761
1.032980
0.950211
0.913295
0.953151
0.875189
1.039069
1.032445
0.792160
0.926233
1.020417
1.028390
0.968345
1.099398
1.040351
1.080854
0.982398
1.047947
1.095778
0.894323
0.955586
1.049529
1.052793
0.901240
0.960594
1.084719
0.747269
0.986074
1.061046
1.008454
0.876361
1.147648
1.074535
0.932648
0.926335
1.057597
0.874667
1.181710
1.030079
0.941048
1.101642
0.992586
0.953360
1.049206
0.967761
1.045436
1.021831
0.983457
1.197226
0.898070
1.004292
0.997417
0.931810
1.124728
1.040668
0.999323
1.101400
1.002169
0.920950
1.124886
0.957359
0.922331
0.976074
1.122555
0.963257
0.933621
0.915607
0.877860
1.026869
1.209616
0.942474
1.127946
1.037776
0.959163
1.026605
0.994950
0.990780
0.950872
0.892175
1.072501
1.176763
0.980080
0.960026
1.015233
0.990878
1.222702
1.043845
0.955794
1.016037
1.037418
0.920834
0.956702
1.115747
0.929158
1.016146
1.134304
0.933025
1.087571
1.022821
1.127146
1.024675
0.915253
1.043727
1.033053
1.065191
1.000399
1.060951
1.007221
1.017326
0.924062
1.010091
1.149665
1.084129
0.860916
1.018975
0.920520
0.876759
1.064777
0.990240
0.965976
1.010099
1.061499
1.051449
1.014996
1.024007
0.894194
1.009081
0.995719
1.087281
0.889779
0.926794
1.003501
1.031462
0.992395
1.040821
1.057686
0.881521
1.014011
0.970152
1.001656
1.045984
1.059934
1.174273
0.989872
0.957728
0.940094
1.074817
0.977041
0.983951
0.977351
1.092094
0.901158
0.881528
1.067445
0.998888
0.956345
0.969864
0.940340
0.938753
1.036538
0.983045
0.906379
1.003892
1.088132
0.978379
0.887221
0.949799
0.843510
1.002732
1.003621
0.956254
0.851055
0.902512
0.891163
1.031283
1.014257
0.992388
0.895630
0.944874
1.094696
1.044605
0.897633
1.007110
1.038921
0.936839
1.047193
0.848177
0.856665
1.046799
0.934741
0.960657
0.957436
1.014788
1.031133
0.971094
0.826865
0.851863
1.042591
0.743217
0.898890
0.941765
0.851012
0.922652
1.003678
1.025175
0.979548
0.944259
0.939109
1.004446
0.953713
0.956209
0.955162
0.925822
1.028275
0.958685
0.752554
0.962807
0.945894
0.910441
0.967852
1.004571
0.819405
0.929220
0.904492
0.963730
0.938506
0.922017
0.920144
0.916219
0.927953
0.991704
0.858098
0.910150
1.025344
0.816436
0.812650
1.042302
0.740477
0.886485
0.828349
0.761178
1.009261
0.836236
0.955525
0.943939
0.927244
0.825277
0.884539
0.735301
0.694974
0.850572
0.884191
1.139555
0.796343
0.884189
0.895198
1.013385
0.912816
0.920334
0.828511
0.915061
0.750249
0.992976
0.889222
1.093191
0.736989
0.938688
0.896131
0.908796
0.813218
0.841246
0.987591
0.811052
0.914567
0.827883
1.007711
0.927724
0.928169
0.891460
0.685999
0.927637
0.920527
0.892577
0.885872
0.946684
0.735252
0.897726
0.810139
0.905350
0.793025
0.915326
0.932667
0.796531
0.962774
0.836124
0.780406
0.748675
0.860458
0.762180
0.726848
0.841167
0.689575
0.859739
0.895092
0.693707
0.808655
0.783071
0.804714
0.760521
0.789019
0.726227
0.894019
0.824482
0.812064
0.857485
0.867746
0.792946
0.925935
0.753183
0.743753
0.769658
0.774921
0.876573
0.700141
0.716622
0.915971
0.812873
0.614534
0.849379
0.688541
0.788206
0.765731
0.677602
0.943785
0.809653
0.750813
0.682401
0.769218
0.511010
0.884394
0.689007
0.662086
0.801483
0.862942
0.719696
0.779798
0.571542
0.773679
0.830582
0.574703
0.721023
0.790512
0.729921
0.704134
0.768059
0.826900
0.792766
0.695575
0.774624
0.626759
0.804019
0.658218
0.705939
0.815485
0.685348
0.705850
0.625124
0.715663
0.602558
0.686542
0.644997
0.552338
0.620743
0.699836
0.689140
0.772480
0.646835
0.727990
0.643148
0.686783
0.657433
0.645674
0.687176
0.498742
0.713046
0.633223
0.608488
0.750797
0.652381
0.676798
0.646297
0.807673
0.688279
0.738891
0.625890
0.688358
0.644643
0.698723
0.745772
0.637123
0.614633
0.633008
0.627529
0.761950
0.575749
0.562262
0.683949
0.621489
0.527444
0.623558
0.654629
0.617819
0.765280
0.451782
0.684990
0.463613
0.770341
0.631867
0.516474
0.599616
0.618558
0.612019
0.525487
0.662872
0.702406
0.664274
0.693817
0.693173
0.559754
0.603128
0.551040
0.607581
0.447334
0.537002
0.611328
0.658958
0.497838
0.610424
0.702864
0.458578
0.569198
0.675821
0.593599
0.459587
0.580434
0.521314
0.625912
0.507141
0.625560
0.525432
0.502322
0.552277
0.587460
0.542278
0.428963
0.510639
0.685749
0.586869
0.536905
0.566403
0.403565
0.623132
0.526964
0.621313
0.536429
0.422410
0.592423
0.503135
0.464627
0.493395
0.409848
0.438874
0.632920
0.560359
0.389361
0.502875
0.463250
0.572146
0.439269
0.372122
0.571987
0.479685
0.472358
0.395191
0.363784
0.481773
0.555689
0.422379
0.478583
0.362985
0.453976
0.418610
0.537619
0.449716
0.331682
0.449088
0.425096
0.525921
0.502689
0.619465
0.406793
0.271721
0.525807
0.296598
0.309192
0.356729
0.313454
0.419652
0.346931
0.525934
0.366184
0.282088
0.387344
0.351922
0.417464
0.511736
0.375871
0.281577
0.282162
0.368851
0.423507
0.295587
0.558644
0.347641
0.262395
0.378232
0.264215
0.335441
0.357430
0.262473
0.456060
0.099846
0.316474
0.351242
0.409885
0.281899
0.321094
0.446049
0.326040
0.406916
0.373914
0.282084
0.319657
0.529140
0.266343
0.310525
0.231195
0.298345
0.386187
0.247921
0.082345
0.215484
0.255827
0.308252
0.293201
0.191909
0.259914
0.300352
0.128498
0.117881
0.318468
0.287078
0.235809
0.318138
0.250219
0.247908
0.268059
0.348400
0.164289
0.222828
0.238616
0.265297
0.182601
0.196181
0.244600
0.174802
0.171430
0.217574
0.209827
0.248331
0.217783
0.209486
0.206329
0.144667
0.265159
0.132355
0.162166
0.031610
0.124410
0.076229
0.188087
0.281976
0.137151
0.192137
0.146710
0.360226
0.244086
0.158322
0.097832
0.165694
0.096100
0.018361
0.113995
0.127754
0.295012
0.184345
0.154337
0.115261
0.222319
0.268507
0.191321
0.206721
0.170766
0.020253
0.139096
0.053577
-0.178014
0.085823
0.118369
0.261589
0.077276
0.043463
0.201189
0.207342
0.263488
0.107055
0.174940
0.159751
0.092635
0.075833
-0.001648
-0.082308
0.170248
0.071643
0.033122
0.062855
0.033118
0.044496
-0.006214
0.118606
0.001749
0.121180
0.108312
0.114949
-0.008022
-0.087539
0.213632
0.082246
0.108788
0.093890
0.032675
-0.081678
0.017002
-0.127571
0.112966
0.103994
-0.079461
0.047440
-0.005644
-0.106308
-0.079001
-0.028936
0.074565
0.012212
0.002054
-0.003121
0.013181
-0.075058
-0.042381
0.048654
0.085390
-0.043162
-0.047397
0.112978
-0.066507
0.113632
0.074331
-0.057781
-0.141069
0.027835
0.039384
-0.101206
-0.027889
-0.103159
-0.043033
-0.006289
-0.070630
-0.109434
0.017651
-0.159197
-0.121489
-0.211329
-0.202465
-0.151362
-0.026593
-0.054749
-0.092039
-0.202538
0.093731
-0.042099
-0.163667
0.030944
-0.007497
-0.106252
-0.047536
-0.106083
-0.107895
-0.020731
-0.137274
-0.181557
-0.191806
-0.189341
-0.184251
-0.102783
-0.147864
-0.042092
-0.256483
-0.199613
-0.152800
-0.165056
-0.187609
-0.217968
-0.253808
-0.189152
-0.125877
-0.077403
-0.207226
-0.281498
-0.080794
-0.164008
-0.235395
-0.165701
-0.174633
-0.162707
-0.183320
-0.206749
-0.114023
-0.262177
-0.064599
-0.188395
-0.149652
-0.194270
0.020683
-0.205803
-0.128082
-0.255268
-0.169639
-0.199788
-0.147015
-0.234489
-0.413620
-0.365634
-0.208560
-0.314548
-0.265800
-0.249758
-0.181965
-0.218961
-0.192785
-0.115704
-0.168745
-0.216136
-0.210423
-0.217927
-0.151998
-0.197812
-0.367453
-0.337797
-0.160227
-0.203726
-0.296466
-0.285968
-0.216989
-0.329597
-0.405095
-0.370878
-0.226996
-0.283759
-0.364922
-0.293515
-0.344060
-0.361781
-0.289429
-0.273314
-0.337021
-0.442886
-0.292334
-0.374402
-0.280381
-0.426193
-0.296712
-0.427894
-0.355736
-0.336453
-0.253258
-0.298167
-0.277423
-0.404779
-0.488924
-0.354369
-0.341022
-0.453146
-0.281331
-0.390555
-0.406047
-0.310949
-0.474628
-0.382038
-0.429435
-0.468829
-0.617092
-0.301776
-0.510688
-0.593339
-0.358281
-0.447254
-0.405754
-0.359348
-0.293292
-0.338773
-0.382367
-0.451074
-0.345296
-0.305453
-0.378238
-0.496154
-0.504955
-0.218470
-0.233460
-0.388991
-0.446862
-0.424806
-0.381760
-0.443488
-0.617956
-0.440034
-0.425385
-0.401499
-0.474109
-0.358311
-0.433463
-0.390309
-0.571280
-0.461093
-0.435847
-0.577755
-0.478767
-0.444698
-0.612071
-0.411663
-0.486690
-0.446038
-0.391057
-0.523423
-0.480552
-0.485588
-0.451299
-0.582315
-0.460106
-0.579020
-0.416053
-0.444526
-0.595737
-0.463922
-0.514741
-0.506389
-0.536563
-0.511328
-0.579574
-0.527376
-0.502504
-0.497929
-0.456581
-0.533574
-0.433185
-0.616377
-0.489539
-0.496871
-0.616259
-0.599991
-0.622290
-0.512200
-0.649010
-0.764193
-0.584171
-0.735993
-0.764859
-0.491673
-0.714304
-0.633379
-0.550583
-0.593272
-0.724043
-0.530347
-0.537769
-0.528406
-0.540440
-0.635172
-0.691713
-0.625589
-0.651996
-0.663601
-0.442027
-0.646789
-0.676949
-0.521569
-0.393758
-0.619904
-0.699575
-0.718727
-0.611315
-0.584352
-0.662831
-0.713619
-0.731177
-0.610887
-0.541562
-0.731060
-0.637357
-0.737342
-0.673749
-0.594610
-0.752449
-0.626284
-0.679157
-0.666194
-0.666482
-0.795450
-0.645353
-0.743465
-0.699254
-0.516845
-0.621963
-0.728121
-0.638919
-0.761261
-0.624086
-0.635660
-0.640730
-0.519395
-0.760858
-0.591227
-0.686121
-0.596226
-0.739246
-0.862615
-0.821968
-0.726885
-0.727628
-0.723132
-0.699517
-0.627215
-0.630183
-0.798121
-0.647914
-0.653457
-0.740460
-0.693209
-0.526491
-0.784170
-0.815658
-0.715700
-0.829638
-0.672630
-0.656686
-0.808704
-0.713943
-0.725039
-0.712465
-0.641539
-0.929009
-0.793340
-0.759715
-0.791837
-0.747423
-0.735100
-0.912983
-0.679073
-0.738090
-0.896960
-0.798347
-0.739314
-0.836904
-0.701216
-0.846259
-0.822217
-0.806313
-0.739109
-0.881486
-0.548807
-0.937163
-0.720685
-0.662346
-0.723594
-0.758667
-0.852043
-0.917331
-0.752454
-0.762554
-0.763904
-0.751629
-0.727670
-0.683040
-0.930709
-0.736557
-0.727554
-0.785553
-0.723588
-0.797663
-0.802099
-0.768454
-0.770488
-0.862582
-0.915073
-0.791200
-0.936279
-0.884722
-0.783308
-0.829453
-0.867328
-0.919794
-0.821055
-0.838991
-0.891870
-0.866469
-0.850727
-0.653224
-0.687123
-0.854911
-0.854324
-0.833304
-0.760489
-0.789730
-0.697537
-0.817900
-0.900013
-0.851126
-0.830473
-0.931363
-0.806567
-0.924118
-0.767618
-0.910714
-0.825632
-0.823705
-0.915259
-0.758500
-0.826497
-0.944487
-0.806902
-0.847911
-0.858269
-0.856651
-0.977668
-0.782163
-0.841499
-0.822618
-1.043439
-0.984716
-0.819408
-0.849112
-0.763903
-0.856756
-0.937128
-0.929440
-0.844725
-0.882318
-0.894058
-0.995621
-0.837771
-0.837490
-0.761522
-0.839932
-1.009787
-0.840476
-0.925357
-0.849560
-0.969808
-0.857028
-0.877662
-0.923721
-0.807128
-0.860706
-1.023648
-0.963851
-0.970465
-0.830694
-0.993989
-0.996395
-0.955403
-0.928379
-0.890124
-0.946066
-0.933408
-0.986917
-0.911079
-0.924859
-0.980001
-0.955005
-0.740436
-0.945421
-0.777011
-0.889861
-0.848816
-0.888140
-1.118855
-1.022877
-0.834496
-1.078952
-0.915304
-1.062813
-0.931217
-0.896499
-0.867047
-0.656806
-0.905259
-1.044079
-0.827429
-0.936340
-0.852178
-0.922259
-0.943377
-0.891138
-0.874746
-1.001812
-0.916038
-0.952129
-0.944027
-0.915431
-0.917491
-1.012789
-0.922808
-0.973578
-0.833772
-0.942350
-0.983244
-0.958126
-1.115157
-0.980894
-0.964988
-0.850999
-0.936390
-0.972305
-0.875036
-0.904136
-0.835136
-1.117146
-0.975526
-0.862142
-1.029083
-0.982398
-0.973289
-0.885504
-1.014276
-0.942208
-0.834250
-0.918289
-1.048271
-0.890991
-0.978147
-1.013327
-0.914453
-0.928797
-1.036462
-0.938758
-0.825560
-0.993361
-1.029441
-0.913783
-0.803008
-1.052398
-0.929848
-1.108263
-1.023782
-1.009776
-1.141084
-0.933704
-0.930619
-1.035865
-0.930291
-1.029365
-0.894128
-1.032749
-1.067451
-0.927984
-0.972902
-1.059015
-1.141459
-0.988973
-0.955469
-1.042115
-1.011304
-1.064746
-0.937231
-1.011511
-0.997052
-0.990363
-1.056389
-1.089384
-1.208089
-0.839290
-0.983425
-0.885862
-1.029074
-1.144419
-0.917361
-1.036783
-1.035277
-0.986997
-0.885879
-0.853479
-0.979719
-0.964597
-1.077657
-0.854313
-0.896576
-0.973794
-0.980664
-0.827240
-1.076354
-0.833715
-1.143717
-1.059494
-0.883603
-1.007269
-0.872828
-1.111091
-1.008986
-0.927525
-1.131337
-1.095959
-1.005550
-1.156503
-0.962625
-0.947688
-0.913752
-1.217985
-0.982910
-0.830895
-1.044904
-0.965857
-0.979561
-1.100442
-1.124930
-0.894672
-1.112906
-0.960008
-1.012718
-1.085531
-0.924850
-0.948593
-0.951113
-1.057667
-0.984999
-1.111716
-1.090154
-0.897831
-1.011625
-0.908594
-1.040576
-1.124337
-1.053428
-0.993824
-0.901441
-0.973824
-1.092625
-1.010220
-0.931940
-1.088291
-1.130209
-1.047713
-0.971817
-0.893625
-1.123329
-1.034426
-0.990897
-0.964626
-1.079758
-1.041755
-1.021804
-0.832786
-0.995435
-0.999163
-1.101032
-0.950572
-0.976523
-1.172299
-0.942394
-1.074081
-0.923176
-0.855986
-0.936876
-0.961728
-1.014349
-1.060765
-1.045624
-0.710414
-1.101775
-0.940040
-0.980980
-1.049002
-1.145509
-1.039360
-1.015112
-1.136929
-0.925989
-1.057541
-0.989655
-0.955499
-0.930323
-0.931115
-1.011426
-1.153374
-0.891227
-1.053869
-1.044279
-1.030648
-0.932164
-0.886536
-0.957874
-1.158963
-1.068635
-1.072631
-1.048827
-0.906494
-1.036644
-0.912790
-0.948279
-0.990987
-1.067949
-1.082905
-0.878616
-0.991013
-1.012834
-0.837800
-0.920091
-0.981176
-0.929709
-0.929902
-1.119680
-1.147684
-0.940666
-0.875052
-1.011084
-1.034457
-0.840664
-0.912389
-1.154293
-1.233026
-0.860234
-0.939336
-0.897594
-1.034264
-1.114166
-1.005045
-0.970154
-0.816975
-0.927512
-1.130734
-1.016579
-0.875151
-0.933354
-1.027101
-1.003339
-0.871336
-0.875759
-0.808707
-0.831988
-0.747906
-1.010374
-1.005969
-0.970512
-0.815293
-0.901407
-0.811049
-0.988546
-0.960897
-0.761536
-0.964639
-1.021661
-0.882960
-0.960928
-0.986189
-0.945265
-0.834422
-0.888284
-0.999117
-0.967223
-1.020902
-0.807973
-0.936479
-0.970485
-0.900569
-0.972519
-0.874107
-0.994065
-1.022577
-1.075928
-0.901191
-1.066453
-0.871186
-0.893135
-1.004320
-1.006292
-1.024306
-1.010946
-0.880998
-0.866748
-0.859391
-1.019215
-0.947842
-0.895177
-0.850210
-0.960070
-0.918336
-0.848041
-0.939394
-0.862984
-0.880923
-0.727895
-0.840782
-1.005783
-1.106600
-0.815723
-0.782756
-0.870479
-0.832758
-0.789974
-0.877059
-0.936332
-0.780330
-0.755433
-0.749746
-0.912162
-1.013314
-0.939855
-0.661448
-0.908231
-0.759216
-0.908249
-0.789669
-0.852379
-0.723878
-0.922321
-0.814413
-0.943542
-0.891767
-0.813957
-0.932680
-0.738958
-0.806303
-0.823969
-0.831361
-0.860128
-0.879533
-0.691145
-0.671091
-0.958638
-0.799613
-0.717062
-0.846929
-0.917414
-0.889861
-1.071551
-0.735272
-0.774462
-0.836245
-0.922421
-0.957282
-0.811827
-0.888449
-0.866455
-0.888487
-0.957103
-0.840058
-0.867298
-0.798231
-0.974100
-0.741824
-0.833334
-0.798669
-0.769108
-0.837769
-0.749362
-0.877232
-0.548919
-0.831918
-0.745544
-0.788549
-0.804070
-0.617248
-0.857462
-0.805331
-0.796445
-0.909102
-0.684583
-0.755012
-0.684378
-0.832186
-0.824345
-0.779924
-0.729010
-0.688223
-0.635185
-0.678581
-0.939440
-0.730557
-0.636494
-0.625657
-0.876728
-0.833905
-0.622843
-0.809654
-0.526791
-0.743767
-0.731967
-0.735866
-0.789305
-0.837483
-0.767869
-0.726458
-0.685443
-0.637035
-0.823870
-0.825793
-0.784928
-0.749232
-0.697994
-0.594676
-0.761671
-0.718428
-0.697322
-0.587103
-0.685677
-0.734358
-0.713605
-0.743439
-0.726452
-0.665063
-0.808831
-0.644638
-0.632497
-0.647387
-0.508651
-0.680167
-0.826148
-0.611758
-0.747195
-0.683192
-0.755213
-0.638828
-0.696512
-0.579150
-0.897216
-0.828950
-0.748704
-0.676707
-0.783102
-0.717995
-0.800741
-0.648828
-0.566517
-0.569121
-0.643438
-0.680328
-0.670731
-0.582182
-0.651325
-0.498629
-0.603547
-0.676679
-0.654071
-0.832143
-0.596721
-0.629438
-0.711712
-0.700269
-0.644797
-0.550314
-0.647066
-0.616542
-0.513437
-0.657507
-0.760569
-0.597133
-0.714129
-0.534726
-0.495437
-0.684357
-0.708377
-0.567053
-0.573177
-0.404985
-0.652596
-0.616804
-0.592175
-0.457460
-0.615177
-0.566821
-0.580455
-0.528747
-0.526491
-0.638949
-0.586718
-0.513930
-0.599289
-0.594478
-0.606709
-0.458554
-0.550968
-0.579344
-0.464545
-0.543300
-0.503874
-0.544442
-0.555756
-0.538797
-0.406179
-0.564275
-0.552205
-0.455372
-0.434539
-0.591632
-0.494362
-0.568881
-0.484858
-0.605452
-0.380361
-0.597003
-0.392608
-0.540559
-0.661865
-0.566197
-0.550628
-0.466624
-0.482805
-0.484692
-0.392831
-0.671885
-0.571010
-0.319473
-0.477963
-0.564076
-0.440212
-0.381644
-0.410663
-0.500228
-0.289724
-0.376270
-0.381217
-0.472031
-0.510274
-0.484970
-0.372208
-0.419456
-0.370248
-0.406943
-0.446273
-0.366393
-0.547144
-0.534943
-0.415995
-0.312819
-0.309785
-0.422679
-0.449883
-0.472991
-0.466421
-0.497981
-0.368791
-0.412618
-0.360808
-0.419099
-0.498588
-0.579141
-0.298829
-0.492364
-0.409571
-0.547811
-0.438285
-0.430401
-0.461541
-0.307559
-0.388764
-0.288968
-0.288468
-0.398522
-0.508945
-0.351099
-0.340206
-0.506622
-0.503824
-0.327042
-0.195749
-0.459789
-0.498940
-0.395099
-0.405578
-0.297720
-0.337260
-0.495327
-0.365269
-0.226291
-0.299703
-0.287203
-0.399577
-0.360437
-0.119093
-0.289204
-0.324174
-0.372490
-0.355824
-0.288572
-0.277941
-0.259833
-0.330555
-0.182665
-0.302535
-0.239091
-0.330208
-0.153831
-0.449010
-0.253788
-0.137307
-0.170878
-0.343504
-0.393542
-0.089679
-0.316632
-0.241166
-0.361339
-0.176611
-0.279894
-0.324808
-0.126590
-0.265804
-0.211590
-0.196694
-0.356758
-0.427488
-0.223128
-0.195489
-0.110616
-0.240495
-0.266552
-0.238639
-0.116231
-0.288121
-0.165013
-0.282822
-0.133071
-0.180748
-0.300200
-0.258436
-0.294593
-0.244267
-0.167138
-0.285101
-0.107202
-0.242117
-0.143340
-0.066702
-0.286093
-0.152470
-0.108656
-0.134190
-0.170238
-0.113584
-0.113029
-0.120837
-0.239085
-0.306931
-0.132082
-0.198941
-0.020106
-0.188375
-0.146585
-0.144542
-0.057527
-0.038124
-0.160507
-0.165381
-0.005215
-0.188039
-0.127785
-0.082318
-0.096532
-0.112030
-0.099272
-0.120691
-0.135216
-0.142139
-0.088916
0.110492
-0.043360
-0.130714
-0.085144
-0.002277
0.006011
-0.024393
0.028331
-0.142426
-0.021290
-0.196926
-0.002727
-0.031762
-0.103924
-0.134078
0.109091
-0.123558
0.083121
-0.058436
0.001447
-0.028658
-0.050859
-0.093485
-0.077434
-0.128588
-0.065306
-0.057516
0.061893
-0.108687
-0.041658
-0.078949
-0.074796
-0.034406
-0.011927
0.072185
-0.104478
-0.005945
0.013932
-0.031028
0.038577
-0.075778
-0.021546
-0.078091
-0.015295
0.121178
0.016423
-0.014962
-0.041933
0.066429
0.062981
-0.021245
-0.067244
0.004314
0.036871
0.012146
0.013951
-0.001254
0.086038
0.026952
0.024416
0.029944
0.041806
0.170913
-0.104834
0.224866
-0.010510
0.098187
0.183067
0.050824
0.029289
0.087300
0.106002
-0.034829
0.069618
0.093058
0.114194
0.006133
0.105691
0.166208
0.196619
0.113240
0.127545
0.055545
0.184517
0.115981
0.030590
0.205062
0.192535
0.224575
0.198477
0.116790
0.174722
0.132799
0.112668
0.196959
0.073815
0.196926
0.215879
0.110672
0.097336
0.179924
0.220831
0.101341
0.231797
0.118638
0.138575
0.167257
0.015666
0.221825
0.180228
0.144491
0.095758
0.027455
0.088316
0.140565
0.187408
0.486969
0.061134
0.181280
0.210056
0.059673
0.142302
0.135952
0.156102
0.441982
0.185860
0.056086
0.367691
0.181357
0.148034
0.207097
0.245940
0.232070
0.283631
0.309299
0.335692
0.198037
0.311575
0.076957
0.278723
0.317456
0.436644
0.246148
0.194755
0.249929
0.277433
0.385522
0.381966
0.189002
0.217455
0.358120
0.366797
0.277121
0.306682
0.268646
0.205293
0.397368
0.381635
0.214710
0.216793
0.248063
0.400514
0.327126
0.416620
0.257001
0.401911
0.251170
0.308865
0.310939
0.449432
0.247204
0.258957
0.443849
0.494014
0.273804
0.279223
0.366178
0.305744
0.324420
0.272604
0.331322
0.308133
0.494190
0.369669
0.317403
0.225688
0.355074
0.449999
0.479527
0.430288
0.431558
0.448403
0.558855
0.489319
0.421638
0.384365
0.482953
0.485093
0.480486
0.407239
0.511125
0.340094
0.357242
0.640083
0.436360
0.448556
0.490533
0.440491
0.440326
0.584109
0.525300
0.377274
0.553369
0.467583
0.447963
0.376769
0.472927
0.456524
0.354885
0.595132
0.306669
0.386750
0.416298
0.501640
0.494205
0.462587
0.524109
0.519661
0.601776
0.566054
0.424951
0.442977
0.569545
0.505835
0.486323
0.496935
0.563789
0.522972
0.506595
0.532525
0.635016
0.601358
0.566617
0.529829
0.573077
0.605381
0.514310
0.503511
0.588813
0.595905
0.404968
0.643438
0.646601
0.566919
0.555972
0.576295
0.618035
0.560685
0.512827
0.488712
0.647976
0.667053
0.523139
0.553020
0.554992
0.476838
0.710865
0.508996
0.502515
0.492322
0.615407
0.673366
0.565798
0.694549
0.537675
0.526415
0.757953
0.650535
0.729287
0.555409
0.568548
0.761085
0.708542
0.648303
0.610584
0.603792
0.824743
0.585139
0.603836
0.660663
0.708585
0.645696
0.667255
0.629107
0.614164
0.565134
0.610425
0.704304
0.577451
0.568803
0.581014
0.861396
0.720064
0.651851
0.706342
0.754603
0.719399
0.601965
0.686918
0.584418
0.669834
0.743508
0.613650
0.777685
0.691445
0.703342
0.809150
0.676017
0.771749
0.623271
0.668814
0.688891
0.806486
0.656284
0.648233
0.716613
0.784339
0.708114
0.791826
0.710039
0.698096
0.721687
0.649799
0.756260
0.813519
0.693781
0.572110
0.839173
0.580849
0.746471
0.744517
0.715703
0.885069
0.730915
0.699338
0.783014
0.883235
0.833142
0.840810
0.735751
0.726057
0.814554
0.724449
0.688833
0.744759
0.796956
0.821671
0.740023
0.696352
0.682892
0.888851
0.920548
0.674482
0.723242
0.869412
0.872507
0.786596
0.789266
0.806302
0.776668
0.781229
0.806872
0.694309
0.859648
0.903812
0.712716
0.846066
0.672391
0.844053
0.923673
0.809605
0.875560
0.907282
0.683546
0.893433
0.885738
0.795425
0.827279
0.867491
0.862454
0.849911
0.827985
0.855407
0.901823
0.755875
1.027045
0.673251
0.802724
0.884402
0.821015
0.841355
0.906295
0.753571
0.794253
0.837862
0.766065
0.806858
0.940227
0.744176
0.844470
0.901793
0.799092
0.895388
0.655709
0.924382
0.911916
0.838633
0.759103
0.913401
1.027773
0.892452
0.839655
0.892123
0.741970
0.842325
0.982494
0.744916
0.813280
0.841341
1.044351
0.845041
0.969805
0.756147
1.033259
0.948726
0.917145
0.917338
0.906282
0.870604
0.923223
0.981510
0.927279
0.978182
0.921236
0.849775
0.852432
0.842654
0.846994
0.878929
0.908189
0.947208
0.976704
0.904734
0.934875
0.899289
0.874588
1.138198
0.860818
0.902219
0.879799
0.883743
0.906474
0.855882
0.807425
0.914389
0.897733
0.940953
0.839892
0.858614
0.949584
0.892830
1.012508
0.942224
0.959738
1.049819
0.888372
0.931563
1.070136
0.956621
0.947904
0.942234
0.783398
1.079364
0.869052
0.888798
1.028056
0.826958
0.846250
0.896416
0.822875
0.819072
0.968968
0.913238
0.959028
0.740448
0.984898
1.005681
1.021750
1.027974
0.952384
0.819529
0.909065
0.977320
1.023242
1.049332
0.896514
0.988161
1.100942
0.834596
1.066206
0.939310
1.006955
0.862754
0.933835
0.888453
1.054104
0.894629
1.134169
1.030541
0.802140
1.142711
1.051941
1.077819
1.141202
0.888863
0.904151
0.895146
1.164577
0.874275
0.835466
0.897196
1.089022
0.850830
1.085768
0.971181
0.969646
0.923978
1.038356
1.068531
1.044434
0.953557
0.872696
0.996273
1.019470
1.052249
1.167435
1.009147
0.983085
1.061451
0.879560
1.072475
1.015004
0.864777
0.967917
1.027871
1.110087
1.018093
1.134622
0.925119
1.003751
1.017524
0.898281
1.038842
1.040822
1.001480
1.067599
0.967137
0.979128
0.984814
0.910437
0.883800
0.942721
0.997899
1.000329
0.930777
1.085184
1.004382
1.035108
0.947982
1.033551
0.997218
0.824664
0.979725
0.914438
1.064310
0.987964
0.932285
1.012282
1.019072
0.892475
1.125063
0.923365
1.043018
1.046964
1.036284
1.054953
0.985560
1.079367
1.119587
0.942054
1.057907
1.020406
1.005177
0.876437
1.113086
1.035829
0.980658
1.001150
1.008972
1.009972
0.964994
0.898614
1.043821
1.000344
0.889303
1.009496
1.029578
0.961355
0.957325
1.063482
0.919632
1.010752
1.016521
0.935405
1.032241
0.990953
1.053458
0.986133
0.907431
0.984251
1.052802
0.924505
1.014635
0.934979
0.877868
0.942356
0.780974
0.886155
0.976410
0.960608
0.877656
1.029355
1.119481
0.996513
0.934384
1.021836
0.954351
0.935178
1.019108
0.944832
0.995336
0.965797
1.037098
0.899832
0.959253
1.023612
1.167058
1.143209
0.941315
1.040691
0.979132
0.949754
1.050630
0.857957
0.936518
1.039238
1.005723
0.893981
0.959968
0.905960
0.891845
0.990878
1.025472
0.893355
1.139269
0.982883
0.898460
0.901477
0.843575
0.962402
0.905777
0.948678
1.096827
0.971777
1.132591
1.042023
0.926992
0.978858
0.908868
1.030526
1.077646
0.954036
0.950701
0.809161
0.918759
1.090469
0.988672
0.830239
0.992515
0.967911
1.091818
0.874749
1.003419
1.026229
0.975667
1.059385
0.987491
0.936546
0.979563
0.847544
0.914583
0.943856
1.011460
0.882744
1.023507
0.942886
1.095951
1.149149
1.002401
0.956788
1.016407
0.834612
0.920107
0.960204
0.834926
0.787886
0.933781
0.878694
0.947680
1.037430
0.884439
0.931555
1.014778
0.860942
0.967444
0.984447
0.972074
1.010974
0.891162
0.929504
1.102963
0.725235
1.096399
0.917243
0.939376
1.074562
0.944857
0.924388
0.820329
0.928348
0.975878
0.975837
0.998690
0.962572
0.933750
0.738966
0.999106
1.064882
0.941412
0.978230
0.844982
0.999353
0.867679
0.767349
0.854884
0.762490
0.942895
0.725969
0.943851
0.892068
0.799374
0.878495
0.914843
0.766025
0.995952
1.149564
0.799339
0.950696
0.882731
0.724533
0.938945
0.987002
0.847922
0.891063
0.946226
0.845670
0.905609
0.837909
0.954921
0.928635
0.754930
0.874944
0.885821
0.787875
0.843053
0.896817
0.933037
0.762379
0.713843
0.867181
0.918719
0.927700
0.736215
0.641930
0.852010
0.866724
0.890285
0.689443
0.788182
0.960194
0.768294
0.913582
0.890589
0.827102
0.795993
0.817603
0.826424
0.844944
0.924214
0.698546
0.873417
0.811184
0.828996
0.949291
0.818062
0.839922
0.789988
0.890117
0.838102
0.794495
0.645355
0.770146
0.725267
0.888259
0.766466
0.788444
0.799554
0.732762
0.781007
0.798324
0.794480
0.800095
0.772918
0.812191
0.785032
0.762419
0.765993
0.740485
0.683987
0.732537
0.821458
0.780283
0.750143
0.777387
0.759527
0.793959
0.816869
0.723631
0.764097
0.787210
0.687953
0.709843
0.796405
0.766330
0.707210
0.764365
0.713285
0.756103
0.734503
0.699160
0.645637
0.677517
0.674737
0.897328
0.879124
0.673921
0.706402
0.737004
0.751271
0.659815
0.729270
0.713757
0.705512
0.653026
0.687898
0.576542
0.678836
0.652448
0.682648
0.553004
0.663109
0.852935
0.737679
0.658173
0.818602
0.572507
0.761144
0.619718
0.689750
0.799246
0.681029
0.620660
0.597115
0.721790
0.627178
0.626659
0.610405
0.635170
0.640379
0.669733
0.683819
0.542766
0.616763
0.657684
0.560389
0.603503
0.849756
0.592411
0.635897
0.651235
0.830268
0.688595
0.668774
0.506744
0.598115
0.735005
0.767439
0.528505
0.533711
0.562460
0.574722
0.579410
0.610686
0.434093
0.498725
0.628412
0.674009
0.598130
0.609813
0.622997
0.603853
0.498378
0.595582
0.569096
0.419290
0.568740
0.628944
0.723004
0.600654
0.661917
0.593805
0.479536
0.562589
0.505934
0.644183
0.600623
0.538094
0.670602
0.640125
0.487810
0.524914
0.609986
0.617015
0.388573
0.446319
0.388796
0.581412
0.453869
0.532925
0.450804
0.591718
0.552163
0.529185
0.689562
0.433417
0.496282
0.547435
0.499100
0.555180
0.554200
0.545840
0.377708
0.589470
0.522788
0.440910
0.390123
0.412476
0.481470
0.604388
0.488645
0.511751
0.505609
0.443497
0.445235
0.453369
0.358797
0.452498
0.419715
0.536114
0.391867
0.394060
0.405418
0.494349
0.369901
0.347893
0.438363
0.542042
0.356975
0.414225
0.388233
0.502514
0.551500
0.290272
0.376383
0.283241
0.410065
0.334596
0.381309
0.487256
0.454356
0.295560
0.297074
0.469493
0.459803
0.381666
0.370583
0.372124
0.418678
0.309709
0.386275
0.262163
0.477755
0.324304
0.464953
0.383783
0.375596
0.269374
0.319533
0.311723
0.342051
0.273609
0.222492
0.325306
0.299099
0.406209
0.377610
0.417425
0.479766
0.591346
0.295831
0.260233
0.308421
0.303717
0.293442
0.310483
0.288165
0.328518
0.174331
0.185672
0.360637
0.416471
0.322066
0.223323
0.317947
0.339208
0.395299
0.068637
0.266464
0.289153
0.251810
0.391136
0.320316
0.289200
0.275737
0.237681
0.294275
0.235054
0.111085
0.296426
0.308599
0.191606
0.106015
0.186923
0.254800
0.180786
0.240874
0.313880
0.182418
0.261901
0.236602
0.174889
0.135083
0.115031
0.208450
0.276109
0.096967
0.420429
0.172642
0.173373
0.187921
0.293160
0.146844
0.004789
0.146717
0.262696
0.234206
0.147985
0.085104
0.209251
0.067689
-0.034879
0.296146
0.207468
0.154451
0.198399
0.072081
0.073151
0.147855
0.182948
0.065958
0.072162
0.117398
-0.020361
0.048914
0.179378
0.211619
0.202288
0.059920
0.135655
0.025553
0.114118
0.112345
0.098794
0.105513
0.019481
0.120540
0.042249
0.033488
0.064543
0.003289
0.191299
0.164230
0.045459
0.073426
0.126824
-0.006788
-0.001262
0.150025
0.016231
0.037437
-0.001805
0.062828
0.012612
0.005316
0.280468
0.123540
0.092462
0.178721
-0.017121
0.040441
0.117850
0.044789
0.018792
0.180679
-0.049655
-0.070634
-0.110526
0.075794
0.021340
-0.068070
0.130691
0.050829
0.031180
-0.024144
-0.100780
0.012519
-0.025289
-0.024946
-0.093028
0.023146
0.094273
-0.030714
-0.067834
-0.051213
-0.059804
-0.028101
-0.137873
0.114297
-0.087675
-0.102009
-0.127998
-0.056400
-0.080019
-0.014688
-0.026804
-0.059166
-0.065622
0.030533
-0.097990
-0.100188
-0.093676
-0.119956
-0.087841
-0.147258
-0.053242
-0.056900
-0.188047
-0.190337
-0.133185
-0.076731
-0.122236
-0.127897
-0.149167
-0.116604
-0.079247
-0.063549
-0.126894
-0.187770
-0.117006
-0.110471
-0.226167
-0.151342
-0.108968
-0.121189
-0.204239
-0.189790
-0.107202
-0.146620
-0.117116
-0.136927
-0.212661
-0.110056
-0.109870
-0.065838
-0.015601
-0.246287
-0.167790
-0.036977
-0.140159
-0.077288
-0.137333
-0.251489
-0.177417
-0.137087
-0.258952
-0.216246
-0.268714
-0.200041
-0.205143
-0.267634
-0.416500
-0.268852
-0.193595
-0.247777
-0.285635
-0.365333
-0.291016
-0.198771
-0.287853
-0.250701
-0.137565
-0.129064
-0.261559
-0.297026
-0.069761
-0.309427
-0.324454
-0.257741
-0.280939
-0.193735
-0.173966
-0.414217
-0.299550
-0.402246
-0.253287
-0.328553
-0.273595
-0.173841
-0.253701
-0.265222
-0.390803
-0.281761
-0.264298
-0.361933
-0.378513
-0.155098
-0.251143
-0.307930
-0.245170
-0.306383
-0.171789
-0.254726
-0.181256
-0.262038
-0.354688
-0.291295
-0.294563
-0.489786
-0.413073
-0.391335
-0.318438
-0.378756
-0.335856
-0.256923
-0.341363
-0.403766
-0.318810
-0.502334
-0.375651
-0.450641
-0.348457
-0.392120
-0.513450
-0.388110
-0.340514
-0.339291
-0.275270
-0.509502
-0.550269
-0.380583
-0.367931
-0.482635
-0.439511
-0.352344
-0.544771
-0.324585
-0.538565
-0.389766
-0.415650
-0.305984
-0.360070
-0.444156
-0.330601
-0.526767
-0.442615
-0.461105
-0.440949
-0.410448
-0.458113
-0.443444
-0.414428
-0.492332
-0.440868
-0.423637
-0.450562
-0.567701
-0.559109
-0.366345
-0.445248
-0.472127
-0.435479
-0.487535
-0.279741
-0.457003
-0.546251
-0.606465
-0.465092
-0.486874
-0.366053
-0.452571
-0.561669
-0.670895
-0.535468
-0.561815
-0.578749
-0.635768
-0.514246
-0.575794
-0.615503
-0.533070
-0.659236
-0.544028
-0.625778
-0.590920
-0.438194
-0.677581
-0.420180
-0.467757
-0.529940
-0.619653
-0.544946
-0.445059
-0.678810
-0.465953
-0.608838
-0.598640
-0.605898
-0.644578
-0.520512
-0.586759
-0.578526
-0.541532
-0.516531
-0.620429
-0.630394
-0.593435
-0.556597
-0.527256
-0.626518
-0.604710
-0.657678
-0.672370
-0.811173
-0.656889
-0.555360
-0.574092
-0.503618
-0.647384
-0.741472
-0.634171
-0.589937
-0.581750
-0.700691
-0.591878
-0.766067
-0.654044
-0.784419
-0.750248
-0.589707
-0.573947
-0.546740
-0.521981
-0.740169
-0.634812
-0.629459
-0.576379
-0.703838
-0.750428
-0.608611
-0.760109
-0.603385
-0.616618
-0.562579
-0.557652
-0.736852
-0.535232
-0.745795
-0.513510
-0.733443
-0.508442
-0.632486
-0.679951
-0.795712
-0.609920
-0.669776
-0.641341
-0.611454
-0.568206
-0.598945
-0.736156
-0.736480
-0.821684
-0.815624
-0.797981
-0.775618
-0.644507
-0.683256
-0.623576
-0.737892
-0.684247
-0.889889
-0.769613
-0.730820
-0.771059
-0.712700
-0.592511
-0.761038
-0.876368
-0.597630
-0.782308
-0.793725
-0.802882
-0.789347
-0.669562
-0.729894
-0.760308
-0.793331
-0.780874
-0.791140
-0.682802
-0.724516
-0.567814
-0.874688
-0.792178
-0.856720
-0.846029
-0.704976
-0.789669
-0.781329
-0.816476
-0.664420
-0.718775
-0.812847
-0.865652
-0.741536
-0.735149
-0.767324
-0.817841
-0.846288
-0.760110
-0.665281
-0.668076
-0.807504
-0.726424
-0.718881
-0.874941
-0.709192
-0.795291
-0.849182
-0.845884
-0.637322
-0.901914
-0.895370
-0.814231
-0.884449
-0.837196
-0.755045
-0.815728
-0.878048
-0.841359
-0.909004
-0.813557
-0.923802
-0.696843
-1.052765
-0.951296
-0.850225
-1.072926
-0.767863
-0.795621
-0.862342
-0.887044
-0.874830
-0.861215
-0.798051
-0.802369
-0.899603
-0.819607
-0.803742
-0.859944
-0.825641
-0.981192
-0.969974
-0.830221
-0.916050
-0.916018
-0.779043
-0.904057
-0.721409
-0.831253
-0.945789
-0.717937
-0.878616
-0.826341
-0.818065
-0.950192
-0.863464
-0.843654
-0.727724
-0.900587
-0.949231
-0.924520
-0.997269
-0.822249
-0.869284
-0.873023
-0.926416
-0.911340
-0.787246
-0.878990
-0.941195
-0.982226
-0.862763
-0.836941
-0.998116
-0.767555
-0.905703
-0.949654
-0.838562
-0.998787
-1.160573
-0.975637
-1.043077
-1.005491
-0.941741
-0.885480
-0.932033
-1.033354
-0.856346
-0.942203
-1.032523
-0.973041
-0.839250
-0.961615
-0.910521
-0.992039
-0.968655
-0.776706
-0.955726
-1.034888
-0.879412
-0.850067
-0.824746
-1.026081
-0.982817
-1.049246
-1.093769
-1.082159
-0.987532
-0.939691
-0.995868
-1.052425
-1.031243
-0.989657
-0.911004
-0.959903
-0.857785
-0.904373
-0.846755
-1.033351
-1.026832
-0.906914
-1.064189
-1.178072
-0.918985
-0.863146
-1.090078
-0.927122
-1.017381
-0.821756
-1.042400
-0.840569
-1.061904
-0.857368
-1.022671
-1.032644
-1.029719
-0.821605
-1.077772
-1.059690
-0.980987
-1.001841
-0.852079
-0.973767
-0.840572
-0.964240
-1.052338
-1.027836
-0.852729
-0.967184
-0.916489
-0.978536
-0.874885
-1.052677
-1.090548
-0.940623
-0.950271
-0.947540
-1.108955
-1.121994
-1.076982
-0.933813
-0.912758
-0.883215
-0.964864
-1.062012
-0.837829
-1.043590
-0.947923
-0.934418
-1.079902
-1.047563
-1.010533
-0.985726
-0.997038
-0.937720
-0.905550
-0.969451
-1.061273
-1.079713
-1.011077
-1.054367
-0.984283
-0.927883
-0.999359
-1.016016
-1.061213
-0.936470
-0.979449
-1.129319
-0.986977
-1.220317
-1.031031
-0.866957
-1.019002
-1.044537
-0.973675
-0.969854
-0.991189
-1.027878
-0.950525
-1.084172
-1.004686
-0.879515
-0.985171
-0.997637
-0.975289
-1.070468
-1.067371
-0.971317
-1.131385
-0.956240
-1.069419
-1.136694
-1.007135
-1.148479
-0.962513
-1.088023
-0.888412
-1.080190
-1.082823
-1.061875
-1.074470
-0.960041
-1.033330
-0.981883
-0.962962
-1.003916
-1.116482
-1.037141
-1.011979
-0.965950
-1.046937
-0.887998
-1.030374
-0.955107
-0.871562
-0.879358
-1.030562
-1.050740
-0.910199
-0.979085
-1.034379
-1.022700
-0.906931
-0.859003
-0.952802
-0.969583
-0.961162
-1.122927
-1.063695
-0.945514
-1.189600
-1.020496
-1.050995
-1.056566
-1.053789
-0.976009
-1.029893
-0.914624
-1.018518
-1.056872
-1.148495
-0.997710
-1.017586
-1.045516
-1.049069
-1.049661
-0.904677
-1.017082
-0.940626
-0.929928
-1.059321
-0.959995
-0.859245
-1.043807
-0.941595
-0.955768
-1.013949
-0.954851
-1.003304
-0.982169
-0.908872
-1.081804
-1.055617
-0.898965
-0.938987
-0.922042
-1.049571
-1.032106
-1.005733
-1.001862
-1.102149
-0.949983
-0.974258
-0.970297
-0.932340
-0.983787
-0.820486
-0.980087
-0.904128
-1.105084
-0.899205
-1.000876
-1.038670
-0.987871
-1.000316
-0.943221
-0.806925
-0.969458
-0.920662
-0.937476
-0.933438
-0.875859
-0.956676
-1.017867
-1.039527
-1.056706
-0.912410
-0.914450
-0.914590
-0.990862
-0.920588
-0.864756
-1.067380
-0.941659
-0.857397
-0.954226
-1.089904
-0.997849
-1.013254
-0.991574
-0.884786
-0.881016
-0.944333
-0.983105
-1.067162
-0.934938
-0.913899
-0.956824
-1.030270
-1.085670
-0.797733
-0.910588
-0.967334
-0.907834
-0.704425
-0.956090
-0.997739
-0.935589
-0.950642
-1.089169
-1.018457
-0.976317
-0.910072
-0.939511
-0.944691
-0.833202
-0.988512
-1.064125
-1.037424
-1.046662
-0.920271
-0.979476
-0.912881
-1.010827
-0.815356
-0.842378
-0.933090
-1.087677
-0.986536
-0.887836
-0.866642
-0.883282
-0.963376
-1.061201
-1.016973
-0.895480
-0.908346
-0.944345
-0.844696
-0.847499
-0.877099
-1.054696
-0.895892
-0.943944
-0.961074
-0.949753
-0.984384
-0.869220
-0.882707
-0.786327
-0.891719
-0.988923
-0.888923
-0.817117
-0.951557
-0.752664
-0.866123
-0.719907
-0.936163
-1.014175
-0.778369
-0.774208
-0.861924
-0.921602
-0.857861
-0.890580
-0.849591
-0.939105
-0.842923
-0.999986
-0.987198
-0.988365
-0.925972
-0.820041
-0.840913
-0.800079
-0.901379
-0.829679
-0.821514
-0.745447
-0.797091
-0.943089
-0.849989
-0.842354
-0.846887
-0.794597
-0.871847
-0.846870
-0.944110
-0.739534
-0.764793
-0.806302
-0.859925
-0.820979
-0.851837
-0.793990
-1.000493
-0.903930
-0.736274
-0.866439
-0.840273
-0.833385
-0.816237
-0.845467
-0.802720
-0.836997
-0.898614
-0.780035
-0.825113
-0.834727
-0.752038
-0.829429
-0.826464
-0.764998
-0.694287
-0.667776
-0.784724
-0.661842
-0.700121
-0.628740
-0.804252
-0.685284
-0.654243
-0.758581
-0.738588
-0.832239
-0.762170
-0.855611
-0.878413
-0.799118
-0.900757
-0.716055
-0.928073
-0.810896
-0.694117
-0.709320
-0.589766
-0.740997
-0.641163
-0.920036
-0.857525
-0.752559
-0.740618
-0.827763
-0.823259
-0.711109
-0.634303
-0.713350
-0.764629
-0.746289
-0.619056
-0.744455
-0.809381
-0.686601
-0.732918
-0.662947
-0.786721
-0.435374
-0.739419
-0.724164
-0.765490
-0.705022
-0.706631
-0.740459
-0.796224
-0.760011
-0.725927
-0.721234
-0.747307
-0.634880
-0.740923
-0.745091
-0.625605
-0.660761
-0.680526
-0.741877
-0.651253
-0.753257
-0.756099
-0.623361
-0.533112
-0.621458
-0.580416
-0.831646
-0.722304
-0.633586
-0.788752
-0.586722
-0.672000
-0.559197
-0.660921
-0.573936
-0.637947
-0.605248
-0.580715
-0.617124
-0.538679
-0.760509
-0.542752
-0.701914
-0.709411
-0.646826
-0.588531
-0.677463
-0.648831
-0.755728
-0.694596
-0.503030
-0.609839
-0.592957
-0.501053
-0.552661
-0.757506
-0.670315
-0.638295
-0.446538
-0.535074
-0.814470
-0.538288
-0.559978
-0.678098
-0.596349
-0.577246
-0.778358
-0.470850
-0.648597
-0.502589
-0.556875
-0.614949
-0.626680
-0.620025
-0.383526
-0.544543
-0.585445
-0.620170
-0.516408
-0.642278
-0.582927
-0.537152
-0.726663
-0.426746
-0.628779
-0.475319
-0.490263
-0.476614
-0.666183
-0.563964
-0.428177
-0.420886
-0.615069
-0.502612
-0.513524
-0.571928
-0.488600
-0.506106
-0.492067
-0.664261
-0.597912
-0.551202
-0.423485
-0.457893
-0.387903
-0.530616
-0.554641
-0.551157
-0.570527
-0.407812
-0.419435
-0.488393
-0.454284
-0.485458
-0.569501
-0.435171
-0.483161
-0.516525
-0.540913
-0.438216
-0.450651
-0.485220
-0.339989
-0.485000
-0.548505
-0.514656
-0.477433
-0.419170
-0.454036
-0.455943
-0.473847
-0.456964
-0.456311
-0.361202
-0.356896
-0.446943
-0.424952
-0.416382
-0.359168
-0.378596
-0.378450
-0.425359
-0.328246
-0.352819
-0.346146
-0.426340
-0.451993
-0.580314
-0.368994
-0.467108
-0.433642
-0.319417
-0.468293
-0.563763
-0.349653
-0.403117
-0.266039
-0.294041
-0.212913
-0.424155
-0.265781
-0.251285
-0.378050
-0.371863
-0.206447
-0.231008
-0.247080
-0.298278
-0.290359
-0.279092
-0.406299
-0.366575
-0.523058
-0.349636
-0.275410
-0.334877
-0.494188
-0.358635
-0.509644
-0.225960
-0.316980
-0.373824
-0.378034
-0.305858
-0.298913
-0.203231
-0.313333
-0.335363
-0.178389
-0.267156
-0.262457
-0.303204
-0.373745
-0.361456
-0.333839
-0.296052
-0.167935
-0.243937
-0.263666
-0.166423
-0.267633
-0.365324
-0.290330
-0.352860
-0.230853
-0.255476
-0.135972
-0.341813
-0.250614
-0.306212
-0.245624
-0.187187
-0.244776
-0.291843
-0.232212
-0.173916
-0.260739
-0.236868
-0.179358
-0.131819
-0.298530
-0.097509
-0.220248
-0.150339
-0.255626
-0.137319
-0.127753
-0.159351
-0.069430
-0.291299
-0.394873
0.003987
-0.280505
-0.167719
-0.045703
-0.266076
-0.233396
-0.078736
-0.115468
-0.190533
-0.163958
-0.013221
-0.170433
-0.187643
-0.098550
-0.091462
