0.171423
-0.005343
-0.065037
0.059698
-0.168305
0.069610
-0.049764
-0.062392
-0.089135
-0.051633
-0.019553
-0.077470
-0.127338
0.054007
-0.061267
-0.015097
0.029625
0.166595
0.117556
-0.034759
0.090379
-0.067334
-0.057067
-0.197163
0.031097
-0.081563
-0.036592
-0.005743
-0.045349
-0.110591
-0.000115
0.126830
0.006499
-0.183310
0.028909
-0.100579
-0.110860
-0.052897
-0.020071
0.065122
-0.052573
0.015160
0.018343
-0.004067
-0.101417
-0.062186
0.034416
-0.090427
-0.168817
-0.030708
-0.093305
0.037090
-0.049945
-0.136389
-0.079313
-0.101017
0.033113
-0.177123
-0.099937
-0.269809
-0.160512
-0.049390
-0.104284
-0.037974
-0.056546
-0.157252
-0.104523
-0.121135
-0.147007
-0.135188
-0.176446
-0.175628
-0.057066
-0.097896
-0.045956
-0.075678
-0.123960
-0.014388
-0.076505
0.012491
-0.113962
-0.171857
-0.227405
-0.105588
-0.050908
-0.029082
0.023237
-0.285060
-0.127237
-0.144866
-0.125773
-0.088738
-0.067382
-0.246890
-0.160931
-0.100989
-0.060604
-0.206494
-0.042910
-0.003273
-0.253944
-0.127485
-0.152947
-0.066563
-0.174764
-0.139091
-0.306182
-0.275915
-0.181941
-0.123530
-0.084919
-0.265339
-0.092359
-0.091560
-0.193533
-0.231215
-0.260557
-0.309449
-0.257307
-0.142630
-0.230834
-0.245230
-0.236493
-0.277558
-0.109665
-0.195229
-0.157123
-0.279253
-0.040838
-0.234310
-0.200082
-0.222783
-0.068508
-0.253005
-0.185369
-0.144251
-0.168697
-0.294262
-0.096747
-0.191206
-0.304572
-0.156480
-0.253108
-0.198939
-0.091697
-0.336894
-0.272094
-0.267538
-0.175719
-0.211934
-0.319116
-0.333301
-0.223650
-0.233814
-0.339295
-0.239822
-0.275082
-0.242353
-0.320562
-0.316972
-0.432750
-0.307854
-0.189012
-0.223125
-0.243074
-0.277871
-0.185588
-0.145300
-0.300858
-0.393927
-0.287406
-0.253058
-0.289409
-0.197312
-0.203785
-0.225786
-0.291673
-0.081892
-0.352158
-0.400710
-0.313821
-0.249810
-0.255334
-0.371644
-0.188175
-0.367057
-0.173891
-0.389427
-0.414817
-0.263462
-0.246680
-0.280961
-0.326157
-0.286987
-0.280004
-0.250011
-0.299699
-0.277263
-0.326635
-0.388235
-0.224331
-0.280393
-0.184439
-0.251447
-0.343521
-0.259913
-0.369711
-0.196175
-0.323624
-0.274129
-0.382019
-0.384609
-0.224074
-0.280894
-0.341173
-0.421507
-0.194920
-0.384667
-0.268502
-0.289737
-0.205059
-0.222783
-0.375633
-0.316696
-0.496345
-0.333533
-0.337683
-0.277238
-0.383395
-0.311205
-0.236001
-0.290365
-0.422189
-0.417084
-0.341590
-0.421511
-0.206343
-0.291284
-0.349568
-0.322656
-0.411780
-0.420757
-0.295302
-0.364194
-0.234280
-0.477199
-0.308848
-0.334289
-0.310218
-0.372026
-0.331552
-0.338692
-0.250869
-0.340245
-0.335575
-0.336763
-0.260819
-0.438084
-0.332513
-0.338244
-0.367274
-0.408420
-0.464730
-0.427306
-0.336893
-0.458921
-0.316806
-0.270189
-0.521755
-0.450977
-0.337057
-0.450897
-0.326263
-0.476800
-0.244202
-0.301890
-0.328160
-0.333849
-0.270704
-0.406647
-0.497201
-0.425008
-0.286669
-0.384596
-0.399005
-0.501118
-0.399128
-0.480881
-0.482998
-0.455838
-0.295334
-0.492341
-0.344576
-0.387389
-0.493869
-0.334364
-0.526995
-0.302190
-0.257983
-0.422993
-0.336175
-0.455301
-0.514893
-0.483997
-0.611571
-0.340937
-0.189479
-0.435832
-0.341684
-0.471888
-0.509580
-0.464591
-0.335579
-0.509575
-0.345747
-0.516686
-0.435397
-0.398441
-0.509187
-0.508289
-0.456086
-0.388217
-0.467833
-0.442536
-0.489012
-0.505899
-0.495075
-0.508976
-0.441392
-0.600270
-0.484251
-0.468162
-0.333117
-0.533473
-0.482875
-0.556018
-0.467582
-0.413481
-0.482776
-0.394745
-0.559524
-0.525005
-0.550303
-0.372445
-0.432073
-0.433369
-0.628537
-0.474870
-0.628266
-0.636634
-0.502050
-0.500513
-0.551608
-0.500518
-0.409387
-0.471225
-0.484437
-0.558048
-0.676867
-0.568793
-0.536054
-0.488545
-0.531230
-0.456666
-0.415648
-0.507349
-0.417053
-0.560680
-0.569157
-0.612765
-0.485035
-0.441958
-0.474901
-0.615353
-0.389339
-0.660699
-0.485728
-0.449539
-0.613711
-0.544448
-0.630408
-0.471920
-0.587057
-0.630632
-0.518091
-0.624014
-0.530138
-0.382945
-0.623392
-0.623313
-0.484683
-0.558131
-0.640923
-0.529878
-0.513647
-0.526795
-0.636403
-0.314305
-0.668039
-0.523601
-0.707363
-0.526245
-0.540040
-0.603250
-0.517101
-0.493365
-0.644665
-0.551650
-0.638880
-0.515016
-0.715569
-0.544173
-0.814696
-0.575282
-0.560170
-0.525937
-0.596855
-0.628084
-0.653793
-0.476516
-0.476877
-0.573261
-0.452335
-0.763140
-0.576660
-0.610748
-0.615759
-0.586367
-0.731399
-0.483384
-0.465899
-0.693188
-0.689286
-0.490444
-0.554191
-0.663897
-0.690890
-0.510171
-0.597485
-0.629083
-0.625663
-0.559031
-0.599894
-0.682561
-0.512988
-0.597017
-0.583810
-0.591849
-0.677455
-0.729633
-0.826118
-0.710132
-0.719386
-0.482047
-0.546527
-0.642269
-0.698647
-0.690186
-0.635212
-0.630078
-0.710228
-0.646411
-0.530692
-0.669821
-0.603867
-0.555485
-0.566095
-0.642557
-0.770998
-0.533386
-0.789242
-0.546243
-0.589148
-0.645921
-0.592554
-0.734333
-0.696468
-0.832933
-0.620114
-0.851073
-0.568371
-0.561120
-0.790434
-0.743598
-0.719713
-0.686431
-0.590879
-0.767273
-0.753987
-0.671966
-0.680880
-0.663154
-0.620250
-0.725637
-0.716726
-0.737059
-0.545664
-0.582948
-0.497468
-0.692549
-0.631677
-0.725953
-0.752165
-0.629756
-0.757108
-0.717816
-0.751293
-0.638318
-0.738039
-0.514022
-0.666948
-0.633600
-0.649144
-0.770202
-0.623824
-0.745103
-0.649096
-0.787735
-0.690275
-0.668637
-0.845137
-0.657973
-0.605007
-0.786603
-0.692296
-0.645351
-0.662359
-0.703465
-0.781990
-0.742300
-0.821779
-0.772290
-0.656487
-0.801806
-0.739944
-0.760243
-0.763638
-0.618475
-0.796733
-0.741924
-0.616777
-0.625397
-0.759635
-0.735896
-0.671576
-0.821031
-0.914138
-0.797945
-0.754715
-0.719138
-0.864448
-0.752845
-0.803540
-0.856244
-0.702149
-0.867356
-0.813964
-0.611302
-0.739725
-0.659919
-0.666863
-0.788281
-0.813816
-0.796083
-0.739088
-0.838778
-0.824790
-0.753257
-0.774390
-0.898277
-0.744750
-0.727062
-0.777617
-0.766066
-0.693591
-0.770104
-0.918439
-0.780055
-0.746299
-0.911043
-0.640599
-0.783551
-0.895728
-0.728038
-0.671700
-0.883198
-0.888043
-0.797147
-0.781287
-0.676881
-0.725634
-0.797614
-0.612055
-0.698448
-0.719680
-0.679298
-0.803561
-0.881424
-0.743916
-0.708329
-0.786083
-0.775024
-0.797613
-0.761472
-0.821374
-0.822102
-0.878638
-0.910222
-0.861427
-0.722514
-0.788063
-0.802886
-0.746175
-0.842201
-0.764584
-0.870063
-0.720382
-0.790917
-0.801704
-0.857540
-0.734789
-0.908941
-0.919368
-0.697738
-0.839370
-0.801348
-0.872545
-0.849525
-0.935035
-0.683976
-0.677151
-0.932089
-0.742479
-0.749056
-0.735104
-0.930515
-0.734096
-0.811006
-0.812827
-0.700115
-0.811767
-0.789002
-0.830141
-0.751692
-0.788463
-1.015089
-0.777253
-0.864335
-0.730731
-0.837365
-0.770553
-0.732042
-1.005563
-0.804127
-0.803581
-0.829325
-0.880596
-0.816580
-1.042476
-0.915266
-0.923673
-0.961251
-0.807281
-0.892707
-0.890278
-0.807613
-0.905825
-0.690775
-0.955041
-0.940813
-0.846480
-0.923507
-0.897915
-0.885559
-0.833011
-0.703767
-0.797649
-1.022931
-1.064059
-0.812389
-0.869134
-0.734705
-0.952603
-0.787239
-0.855362
-0.850669
-0.898444
-0.830306
-0.858267
-0.685426
-0.860167
-0.924280
-0.742634
-0.723453
-0.848372
-0.945104
-0.832472
-0.927122
-0.945156
-0.855323
-0.876922
-1.080454
-0.864841
-0.853534
-0.765995
-0.914395
-0.946032
-0.881926
-0.855795
-0.765483
-0.958996
-0.796277
-1.052775
-0.935390
-0.896994
-0.950973
-0.967305
-0.765028
-0.965616
-0.952458
-1.013647
-0.678663
-1.048597
-0.947200
-0.934467
-0.859006
-0.957935
-0.856695
-0.801432
-0.929259
-0.996003
-0.767400
-0.904553
-0.892805
-0.922231
-0.954971
-0.886734
-0.931530
-0.902860
-0.806056
-0.977773
-0.874081
-0.931569
-0.894026
-0.973106
-0.973626
-0.897819
-0.958932
-0.848072
-0.896626
-0.983097
-0.948487
-0.890597
-1.016795
-0.948742
-0.968360
-0.927725
-0.831190
-1.066901
-0.839637
-0.950970
-0.967514
-0.827307
-0.916440
-0.975608
-0.981851
-0.961619
-0.860319
-1.021666
-0.965896
-0.945996
-0.968256
-0.932964
-0.941737
-0.979027
-0.978384
-0.871318
-0.854361
-1.046337
-0.933432
-1.035503
-0.907749
-0.935258
-1.050031
-0.973258
-0.838204
-0.953882
-0.805739
-0.862170
-0.827485
-0.960224
-1.032602
-0.846546
-0.978021
-0.917084
-0.976998
-0.924680
-0.997002
-0.868627
-0.843174
-0.918867
-1.054557
-1.016291
-0.857864
-0.935723
-1.050975
-0.878869
-0.942830
-0.880347
-0.975234
-0.954842
-0.844930
-0.795621
-1.097366
-0.831852
-0.858614
-0.940464
-0.812428
-0.880740
-0.925453
-0.999990
-0.898917
-1.001661
-0.919180
-0.957407
-0.825851
-0.964750
-1.145693
-1.061975
-0.926197
-0.915068
-0.893583
-1.054047
-0.847386
-0.971144
-0.911145
-0.960909
-0.893703
-1.067539
-0.870879
-0.950370
-0.929332
-0.984770
-0.990338
-1.044041
-0.966072
-0.825103
-1.000459
-1.095126
-1.068482
-0.831555
-0.928613
-1.001184
-1.031629
-1.062708
-1.039548
-0.947166
-1.002563
-1.007347
-0.911371
-0.807862
-0.829936
-0.888185
-1.002071
-0.984942
-0.860722
-0.888166
-0.934442
-0.863459
-1.014943
-0.998615
-1.004507
-0.964701
-1.050492
-1.011651
-0.905232
-0.898962
-0.985734
-0.813318
-1.052623
-1.152566
-0.925757
-0.957432
-0.991196
-1.069232
-0.969995
-1.102571
-0.993839
-0.992357
-1.051938
-0.986972
-0.893062
-0.995489
-1.001600
-1.036329
-0.885570
-0.910678
-0.957877
-0.904324
-1.061904
-0.947252
-1.125306
-0.975916
-1.007430
-0.942032
-0.966102
-0.905664
-1.062772
-1.006301
-0.987132
-0.903681
-0.945626
-0.934787
-0.882140
-0.966221
-0.997312
-1.068840
-1.123041
-0.987431
-0.992874
-0.992683
-1.014731
-1.032283
-1.053307
-1.002114
-0.903456
-1.013531
-0.783261
-1.130880
-0.906410
-0.841423
-1.027243
-1.119179
-0.957035
-1.027768
-1.007695
-0.889455
-0.844549
-0.973117
-0.827587
-1.008947
-1.074877
-1.079408
-1.038347
-0.975001
-0.986657
-1.087944
-0.930494
-0.866871
-0.977865
-1.005833
-0.932588
-1.033161
-1.175683
-0.923892
-1.088844
-1.074028
-0.978004
-0.928994
-0.913799
-1.076356
-1.150514
-0.989016
-1.045680
-1.122745
-1.087449
-1.163613
-0.946026
-1.034884
-1.082649
-0.950694
-0.938467
-0.906923
-0.935050
-1.029503
-0.911839
-0.940870
-1.051405
-0.992978
-0.938098
-1.097024
-0.908313
-1.003546
-1.070625
-0.960039
-0.936799
-1.022318
-0.910916
-0.941742
-1.027710
-0.953746
-0.829910
-1.052527
-0.981559
-1.090567
-0.905648
-1.010558
-0.911110
-1.060816
-1.092925
-0.971815
-1.032073
-1.044337
-1.115537
-1.074653
-0.965646
-1.095112
-1.024398
-0.997372
-0.972484
-0.891228
-1.043748
-0.968786
-0.927863
-0.920084
-0.974940
-0.905617
-1.038495
-0.891708
-1.038011
-0.964900
-1.020881
-0.907351
-0.897377
-1.012023
-0.792514
-0.871633
-1.123762
-1.015120
-0.972453
-1.052817
-1.003887
-1.042534
-0.920409
-0.907726
-1.019830
-0.902120
-0.994237
-0.875707
-0.952051
-1.177923
-1.122572
-1.013462
-0.971895
-1.072956
-1.054134
-1.102633
-1.020323
-1.101735
-0.993652
-1.071279
-1.029270
-0.953769
-0.905730
-0.943940
-0.932717
-1.061736
-0.977511
-0.936798
-1.121420
-0.852124
-1.177329
-0.986043
-0.874165
-1.065284
-0.787645
-1.102922
-0.892853
-1.145014
-0.964627
-0.973359
-1.038544
-0.951219
-1.020756
-0.890418
-0.960000
-0.979063
-0.886197
-1.007396
-1.046267
-0.920932
-0.949196
-0.970147
-1.052172
-1.099259
-0.972724
-1.245036
-1.076542
-0.840921
-1.072927
-1.149961
-1.088609
-1.073283
-1.034111
-1.086882
-1.016070
-1.028958
-1.102075
-1.029207
-1.068207
-1.017659
-0.911687
-0.915201
-0.913490
-1.093578
-1.023926
-0.928617
-0.989228
-1.057026
-0.970771
-0.921001
-0.988619
-0.903020
-0.969022
-1.206415
-1.094230
-1.144840
-1.074406
-0.870973
-1.028151
-1.004915
-0.970305
-0.970259
-1.077510
-1.021954
-1.087248
-1.065585
-1.114550
-1.153690
-0.904532
-0.906011
-1.092466
-0.812876
-1.070517
-1.065007
-0.921135
-0.959128
-0.822639
-0.962073
-0.831932
-1.011108
-0.959883
-1.011631
-1.046991
-1.055965
-0.870465
-0.818242
-0.957551
-0.995914
-1.128593
-1.072642
-1.108437
-1.020460
-0.956036
-0.927570
-0.898904
-0.746480
-1.056140
-0.908076
-0.938929
-0.912911
-0.899732
-0.923186
-0.956984
-0.914533
-0.876548
-0.966436
-1.029986
-0.909481
-1.009341
-0.894454
-0.934259
-0.999378
-0.947813
-0.861893
-0.889247
-1.089997
-0.991710
-1.046737
-0.983650
-0.959770
-0.887751
-1.068193
-0.965441
-1.046679
-1.053733
-0.934564
-0.975742
-0.935454
-1.038078
-0.993182
-0.931575
-1.050031
-0.963131
-0.942672
-1.002119
-0.954013
-1.024634
-0.946569
-1.000305
-0.946143
-0.951279
-0.900423
-0.980940
-0.816297
-0.953058
-0.942178
-0.902471
-0.815017
-0.940251
-0.951392
-0.939186
-1.101196
-0.921377
-0.870931
-1.041094
-0.845560
-0.974993
-1.076945
-0.892692
-0.851920
-0.860084
-0.994406
-0.939192
-0.974802
-1.077521
-1.023615
-1.047112
-0.855016
-0.909837
-0.914101
-1.036681
-1.079774
-0.851222
-0.965892
-0.826009
-0.942099
-0.889239
-0.845208
-0.933750
-0.860701
-1.068970
-0.874734
-1.030191
-0.906416
-0.947125
-0.947342
-0.883910
-0.922750
-0.944286
-0.727337
-0.981081
-0.952825
-0.898898
-1.003885
-0.932871
-0.879744
-0.981817
-0.999159
-0.929260
-0.925241
-0.949106
-0.931001
-0.909027
-0.886109
-0.815940
-0.905144
-0.818562
-0.980473
-1.010761
-0.732084
-0.756508
-0.820019
-0.879168
-0.949942
-0.893742
-0.960635
-1.026224
-0.819014
-0.888840
-1.006715
-0.901361
-0.869478
-0.885231
-0.979674
-0.941163
-0.904206
-0.858590
-0.850378
-0.932947
-0.903141
-0.800682
-0.782430
-0.968671
-0.977354
-0.902589
-0.976042
-0.824664
-0.914858
-0.769541
-0.814472
-1.000440
-0.901459
-0.783830
-0.959953
-0.905107
-1.124409
-0.913504
-0.928672
-0.962619
-1.036421
-0.969924
-0.829806
-0.923290
-0.902107
-0.936455
-0.849005
-0.909050
-0.966357
-1.010528
-0.775492
-0.791600
-0.896143
-0.903609
-0.960798
-0.804683
-0.845311
-0.881829
-0.829781
-0.953472
-0.976308
-0.939963
-0.951098
-0.790502
-0.952650
-0.771172
-0.701348
-0.857304
-0.933143
-0.851515
-0.845633
-1.003866
-0.746678
-0.917760
-0.896316
-0.869209
-0.876296
-0.804455
-0.842934
-0.815993
-0.723703
-1.009891
-0.800312
-0.817411
-1.014898
-0.992696
-0.797216
-1.053195
-0.886880
-0.927959
-0.824232
-0.791101
-0.816834
-1.064296
-0.796891
-0.923966
-0.857419
-0.805418
-0.857286
-0.763259
-0.842832
-0.890197
-0.965404
-0.954547
-0.935045
-0.683547
-0.992805
-0.864335
-0.955608
-0.795301
-0.855933
-0.939138
-0.720026
-0.886997
-0.877114
-0.735597
-0.706722
-0.688347
-0.931129
-0.797685
-0.858120
-0.811235
-0.780785
-0.792029
-0.969707
-0.907388
-0.859224
-0.789612
-0.740151
-0.827941
-0.822287
-0.807923
-0.893148
-0.765879
-0.788826
-1.047657
-0.861175
-0.680356
-0.777283
-0.789731
-0.863754
-0.850296
-0.875883
-0.651736
-0.812027
-0.910090
-0.636274
-0.878312
-0.688568
-0.626903
-0.751971
-0.821099
-0.888088
-0.819582
-0.704207
-0.820683
-0.870537
-0.688471
-0.924640
-0.855355
-0.830421
-0.702300
-0.755261
-0.970209
-0.823084
-0.819328
-0.843211
-0.803615
-0.820778
-0.789330
-0.822399
-0.865508
-0.762577
-0.758584
-0.732898
-0.853841
-0.898239
-0.786460
-0.691004
-0.711475
-0.918750
-0.807622
-0.662342
-0.798442
-0.719947
-0.787021
-0.681871
-0.814289
-0.733002
-0.776179
-0.842527
-0.794123
-0.807701
-0.609270
-0.692347
-0.630881
-0.709098
-0.821753
-0.709214
-0.616473
-0.747241
-0.867261
-0.797171
-0.765412
-0.666865
-0.760470
-0.852887
-0.661689
-0.689040
-0.829273
-0.715975
-0.665718
-0.784965
-0.770516
-0.687872
-0.703997
-0.700154
-0.790161
-0.908168
-0.791490
-0.686966
-0.600743
-0.714706
-0.708682
-0.729812
-0.708473
-0.721097
-0.765304
-0.755980
-0.671415
-0.753975
-0.768868
-0.739235
-0.667808
-0.792127
-0.845205
-0.718030
-0.733494
-0.697492
-0.757362
-0.711768
-0.753141
-0.780758
-0.739916
-0.576191
-0.790511
-0.705591
-0.775973
-0.981637
-0.661075
-0.722210
-0.619836
-0.831628
-0.700346
-0.795767
-0.737528
-0.759288
-0.674794
-0.666386
-0.662685
-0.522780
-0.665059
-0.804031
-0.741139
-0.871012
-0.562063
-0.824631
-0.650275
-0.749699
-0.773002
-0.695145
-0.646396
-0.823711
-0.698190
-0.653485
-0.739868
-0.770330
-0.622290
-0.697892
-0.673521
-0.715745
-0.627617
-0.606649
-0.495427
-0.663544
-0.642424
-0.757785
-0.748593
-0.744028
-0.680999
-0.788856
-0.520178
-0.690632
-0.721310
-0.660519
-0.516662
-0.570845
-0.504456
-0.735999
-0.630253
-0.639056
-0.676763
-0.567343
-0.755945
-0.663915
-0.636137
-0.639000
-0.598367
-0.511601
-0.748795
-0.682513
-0.575007
-0.739259
-0.593790
-0.623554
-0.684117
-0.631861
-0.492700
-0.638884
-0.588391
-0.463109
-0.647563
-0.638834
-0.661548
-0.746741
-0.668668
-0.575781
-0.689959
-0.603342
-0.856557
-0.703470
-0.648196
-0.684338
-0.715990
-0.609270
-0.594379
-0.563394
-0.708757
-0.602434
-0.628003
-0.546090
-0.558705
-0.755346
-0.734208
-0.513984
-0.591714
-0.518576
-0.485328
-0.598063
-0.703011
-0.611656
-0.603409
-0.644291
-0.425022
-0.679265
-0.620545
-0.609987
-0.714710
-0.599355
-0.581265
-0.477993
-0.538194
-0.559976
-0.615682
-0.589334
-0.638080
-0.627060
-0.590777
-0.548730
-0.678315
-0.653808
-0.668628
-0.615028
-0.611998
-0.580565
-0.564073
-0.668637
-0.503926
-0.703705
-0.582467
-0.529162
-0.603978
-0.435194
-0.453364
-0.635286
-0.583706
-0.490063
-0.679889
-0.519940
-0.562688
-0.596900
-0.555175
-0.594252
-0.670696
-0.550966
-0.491221
-0.467344
-0.643410
-0.596690
-0.555131
-0.610657
-0.382332
-0.562620
-0.544499
-0.525367
-0.533149
-0.574515
-0.529965
-0.512193
-0.588407
-0.712777
-0.402267
-0.595044
-0.544306
-0.731238
-0.581329
-0.532674
-0.549547
-0.427643
-0.411087
-0.602121
-0.396574
-0.554947
-0.441600
-0.446335
-0.589657
-0.434796
-0.575854
-0.474857
-0.467610
-0.537745
-0.501891
-0.507311
-0.368142
-0.597839
-0.490060
-0.374907
-0.460618
-0.450457
-0.564139
-0.494999
-0.401556
-0.387187
-0.521637
-0.356905
-0.485944
-0.519523
-0.384192
-0.344580
-0.501802
-0.614052
-0.362399
-0.557554
-0.498033
-0.465228
-0.456131
-0.503178
-0.547910
-0.685122
-0.314030
-0.494097
-0.317344
-0.468340
-0.376084
-0.387435
-0.430897
-0.491774
-0.468438
-0.533679
-0.353946
-0.302068
-0.460065
-0.286890
-0.351989
-0.401439
-0.432997
-0.343788
-0.485237
-0.544414
-0.485461
-0.261651
-0.547311
-0.483446
-0.482524
-0.332395
-0.531999
-0.605170
-0.378287
-0.520788
-0.457754
-0.422806
-0.498296
-0.356699
-0.269457
-0.343445
-0.326096
-0.476943
-0.449530
-0.527114
-0.284131
-0.275884
-0.424299
-0.516128
-0.460427
-0.275696
-0.477876
-0.407644
-0.396402
-0.417680
-0.528073
-0.437372
-0.460595
-0.418241
-0.385753
-0.367005
-0.274059
-0.478073
-0.254214
-0.317249
-0.401580
-0.222214
-0.336913
-0.337412
-0.269619
-0.341019
-0.450793
-0.347919
-0.332071
-0.356473
-0.468049
-0.435804
-0.326769
-0.449199
-0.394032
-0.202548
-0.378208
-0.324901
-0.299365
-0.279609
-0.267670
-0.450249
-0.187221
-0.318399
-0.256712
-0.234918
-0.378488
-0.419930
-0.320014
-0.297429
-0.304544
-0.277855
-0.334384
-0.396267
-0.297289
-0.335843
-0.282091
-0.386271
-0.308162
-0.241565
-0.343327
-0.442369
-0.148994
-0.421109
-0.299699
-0.310428
-0.264613
-0.300504
-0.297231
-0.250584
-0.334280
-0.345927
-0.234545
-0.325004
-0.211853
-0.186144
-0.239181
-0.267785
-0.321252
-0.357923
-0.399073
-0.362198
-0.249124
-0.274725
-0.257840
-0.377642
-0.240303
-0.242736
-0.261505
-0.079341
-0.251546
-0.197888
-0.207053
-0.326822
-0.354507
-0.280254
-0.410448
-0.136147
-0.335413
-0.240824
-0.206474
-0.167603
-0.345640
-0.188109
-0.296949
-0.212737
-0.311866
-0.230367
-0.215927
-0.308488
-0.204371
-0.090800
-0.160480
-0.393774
-0.179871
-0.207839
-0.174583
-0.227858
-0.208557
-0.313345
-0.087803
-0.392819
-0.306876
-0.144520
-0.231463
-0.117300
-0.236523
-0.092148
-0.249675
-0.115162
-0.138856
-0.168218
-0.333504
-0.231513
-0.392923
-0.180274
-0.206568
-0.212805
-0.159730
-0.338864
-0.343772
-0.132636
-0.028349
-0.098081
-0.083040
-0.124047
-0.238635
-0.224682
-0.297084
-0.311146
-0.140503
-0.129610
-0.135289
-0.150387
-0.105642
-0.110258
-0.260599
-0.185572
-0.148864
-0.165947
-0.058350
-0.163333
-0.094316
-0.118662
-0.055396
-0.107359
-0.289816
-0.332636
-0.213677
-0.178669
-0.087029
-0.215993
-0.237417
-0.129984
-0.253789
-0.244093
-0.027710
-0.011883
-0.356897
-0.122191
-0.292385
-0.164525
-0.283108
-0.110658
-0.196193
-0.147655
-0.141293
-0.180718
-0.208982
-0.028103
0.000537
-0.046757
0.028715
-0.118765
0.008300
0.129743
-0.108705
0.049820
-0.129834
-0.133848
0.033315
-0.305214
-0.024652
-0.199203
0.000181
-0.101754
-0.100540
-0.045172
-0.149529
-0.052433
-0.132657
-0.096080
-0.211153
-0.104516
-0.186213
-0.245548
-0.140395
-0.184112
-0.026754
-0.204131
-0.125627
-0.140186
-0.104904
-0.033070
-0.050003
-0.086765
-0.124659
0.011834
-0.081390
-0.017406
0.020921
-0.160916
0.022424
-0.093611
-0.079182
-0.116276
-0.022644
-0.029070
0.008295
-0.146629
-0.051838
-0.154515
0.032867
0.031561
-0.159519
0.007080
-0.191638
-0.133857
-0.109095
-0.183350
0.059769
0.033192
-0.174148
-0.038332
-0.069170
-0.028827
0.027061
-0.018216
-0.022681
0.118301
0.010976
-0.142774
0.088234
-0.079292
0.007111
0.033022
0.011525
-0.063557
-0.005122
0.252571
0.066226
0.029236
-0.040340
0.118655
-0.052867
-0.003913
0.139963
0.127870
0.179370
0.119335
0.187207
0.038148
-0.016289
-0.057079
0.051719
-0.032807
0.088105
0.054600
0.109810
0.071074
0.011709
0.077204
0.067499
0.055222
0.129152
0.075949
0.073048
0.109358
0.107825
0.015195
-0.031646
0.102399
0.185217
0.181621
-0.057573
0.135176
-0.036197
0.001302
0.029392
-0.046887
0.071409
-0.004793
0.121218
-0.028565
0.211226
0.072096
0.003101
0.020788
0.048566
0.076010
0.167143
0.099653
0.129990
0.175716
0.239525
0.201170
0.130049
0.192996
0.216619
0.235461
0.075234
0.119745
0.132064
0.189815
0.185801
0.062396
0.100851
0.087706
0.064962
0.178548
0.194506
0.187565
0.138169
0.119922
-0.044753
0.139896
0.421597
0.136719
0.144475
0.147228
0.142649
0.158295
0.280573
0.271484
0.234368
0.256745
0.193555
0.215199
0.307900
0.155619
0.084640
0.324573
0.194133
0.151732
0.178937
0.252863
0.315407
0.123876
0.296226
0.375620
0.142420
0.168199
0.279334
0.360878
0.330203
0.289379
0.149485
0.160509
0.261070
0.127475
0.180098
0.129749
0.298158
0.104977
0.258887
0.176810
0.244070
0.056626
0.308324
0.330743
0.196281
0.033533
0.225165
0.386960
0.273758
0.294022
0.263429
0.412056
0.386306
0.318773
0.304548
0.310638
0.352066
0.235296
0.320543
0.258007
0.325755
0.182909
0.307425
0.404963
0.295396
0.277187
0.290385
0.249724
0.380204
0.316543
0.349013
0.307526
0.504493
0.297601
0.353797
0.248491
0.275410
0.250333
0.249454
0.352395
0.286024
0.383297
0.455253
0.346318
0.350810
0.299793
0.329615
0.312934
0.434351
0.225320
0.299306
0.426526
0.375796
0.318767
0.322455
0.372753
0.594954
0.522506
0.387907
0.445492
0.400226
0.507408
0.499231
0.543988
0.377235
0.363069
0.365150
0.387026
0.457608
0.432241
0.446228
0.410454
0.326535
0.280359
0.308428
0.455869
0.419130
0.405578
0.417352
0.424765
0.501538
0.340875
0.303984
0.297313
0.402639
0.438521
0.493106
0.548724
0.478300
0.406741
0.495553
0.436862
0.511318
0.525267
0.473058
0.422853
0.411580
0.437003
0.490863
0.460583
0.469653
0.683004
0.453429
0.439401
0.449484
0.643669
0.490825
0.592502
0.536201
0.510948
0.484740
0.473324
0.512041
0.481250
0.471054
0.513415
0.410464
0.469708
0.395775
0.602883
0.572703
0.490438
0.498337
0.587543
0.538819
0.434799
0.456479
0.607415
0.580191
0.504056
0.555616
0.788614
0.333951
0.337415
0.466155
0.453953
0.629982
0.579310
0.480622
0.362252
0.576484
0.485985
0.368564
0.549000
0.590318
0.548517
0.567007
0.473666
0.479230
0.496894
0.567262
0.634951
0.444140
0.659121
0.508805
0.562149
0.477635
0.550772
0.635694
0.561734
0.583253
0.671490
0.590067
0.659510
0.541469
0.565107
0.641287
0.536469
0.646734
0.512891
0.585364
0.633464
0.480997
0.607441
0.611900
0.442219
0.567779
0.701505
0.576026
0.712511
0.530479
0.600124
0.614031
0.663145
0.676838
0.552817
0.725899
0.640681
0.642764
0.552636
0.652123
0.510570
0.655190
0.645169
0.687830
0.606242
0.630940
0.638558
0.684804
0.842631
0.672243
0.842906
0.538241
0.878137
0.555421
0.722029
0.774568
0.705135
0.654954
0.775666
0.660492
0.626203
0.680250
0.734704
0.705428
0.616688
0.666785
0.745034
0.545535
0.782993
0.755836
0.700174
0.623663
0.673754
0.751565
0.637477
0.770747
0.701201
0.555816
0.666446
0.748388
0.623899
0.719296
0.646182
0.732225
0.684842
0.711539
0.556575
0.740733
0.763967
0.663189
0.639518
0.707132
0.782160
0.798113
0.643620
0.616144
0.724728
0.610013
0.850314
0.831296
0.704836
0.471655
0.669687
0.712871
0.777267
0.649916
0.746152
0.889330
0.657083
0.654133
0.715828
0.700261
0.793996
0.724312
0.868108
0.733034
0.773442
0.671764
0.738237
0.756778
0.615493
0.706505
0.695535
0.580323
0.766388
0.771376
0.761441
0.612156
0.680704
0.666788
0.582686
0.752975
0.838459
0.757124
0.827145
0.943428
0.765395
0.795981
0.824808
0.726023
0.746972
0.702149
0.639712
0.793837
0.717279
0.876884
0.667556
0.833623
0.838813
0.866884
0.728309
0.801557
0.560402
0.946888
0.800971
0.659513
0.803069
0.890567
0.799067
0.791812
0.862130
0.782739
0.883425
0.828006
0.813779
0.743532
0.719527
0.860424
0.735534
0.781287
0.841241
0.799515
0.872065
0.678558
0.868272
0.802150
0.936766
0.844290
0.697845
0.918891
0.799763
0.754374
0.758926
0.904724
0.798860
0.875517
0.765197
0.887241
0.745459
0.809736
0.703769
0.800459
0.754393
0.699276
0.939055
0.837756
0.772756
0.988259
0.879598
0.936695
0.809736
0.866808
0.881191
0.840093
0.928307
0.982292
0.863124
0.825833
1.025410
0.833391
0.782945
0.809762
0.787689
0.788862
0.990365
0.900232
0.711713
0.881809
0.824501
0.740948
0.780121
0.920716
0.896212
1.018596
0.840595
0.766809
0.891517
0.897904
0.821224
0.758650
0.785633
0.927442
0.777677
0.911011
0.854744
0.936643
0.890202
0.967297
0.873052
0.897648
0.822776
0.831318
0.893146
0.851538
0.890243
1.037604
0.997633
0.843809
0.909732
0.927860
0.975430
0.932944
0.924538
0.823459
1.043376
0.894448
1.029016
0.910149
0.908625
0.918750
0.949731
1.072815
0.885362
1.123601
0.930146
0.880151
0.883031
1.041625
1.056276
0.921787
0.960699
0.957599
0.885924
1.010704
0.948138
0.907694
1.007400
0.886698
0.858107
0.942705
0.775224
0.937566
0.834110
0.951536
1.014488
0.974698
0.899156
0.998372
0.944831
0.884741
0.946335
1.017111
0.882506
0.940624
0.858112
1.023877
1.046223
0.907218
0.822557
0.960504
0.913051
0.840223
1.030390
1.003310
0.973348
1.029188
0.947283
1.012816
0.966019
1.084099
1.023839
0.878282
0.886646
0.852186
0.999947
0.989772
0.983726
1.019338
0.906549
0.992950
0.945926
1.026678
0.955203
1.068286
0.903517
0.971517
0.972005
1.015270
0.977364
0.915558
0.979621
0.861822
0.987349
0.984886
0.818800
0.910501
0.932959
0.897770
1.024856
1.031200
0.983048
1.071988
1.025023
0.954035
1.073184
1.003676
0.998411
0.919886
0.990699
0.997340
0.889948
0.872415
0.956646
1.021342
1.018474
1.113584
0.891894
0.909993
0.926668
1.206582
1.045717
1.034654
0.942680
0.998771
1.008885
1.051140
0.985774
0.859785
1.228046
1.000384
0.972738
0.961488
1.060581
1.009069
1.020775
0.867732
0.931821
1.084547
0.987707
0.794055
0.863467
1.010629
1.103700
0.743320
1.007438
0.872542
0.933124
0.995147
1.068434
1.111381
0.922966
0.868194
0.918856
0.982977
1.020390
0.827431
1.066086
1.081461
1.050297
1.108408
1.004577
1.069467
1.034722
1.050423
0.924197
0.860041
0.915379
1.051947
1.099531
1.108482
0.957845
0.893448
1.043184
1.074858
0.907593
1.018407
1.061505
1.109586
0.997179
0.797110
0.899200
0.962832
0.863831
1.082036
0.986459
0.973981
0.954757
0.822445
1.015607
0.949923
1.031478
1.098795
1.141586
1.021118
1.150069
0.946167
1.045402
1.198344
1.043745
0.995511
0.953952
0.931577
0.963437
1.099511
0.971516
0.968316
1.104614
0.887192
0.967233
1.000507
1.047679
1.067571
0.935197
0.878268
1.135155
0.939490
1.033191
1.076712
1.034339
1.076114
1.101438
0.791320
1.079269
1.078502
0.991624
1.156863
1.054023
1.041540
0.967918
0.998070
0.904069
1.013952
0.965802
0.941843
0.814733
1.008021
0.958504
0.981121
1.002993
1.005558
1.015879
0.966571
1.091361
0.853668
1.004275
1.094141
0.869684
1.072419
1.016444
0.926747
0.915554
1.015723
1.017382
0.972917
0.777590
1.080832
1.090224
1.041458
1.037350
0.962995
1.028917
1.117737
1.049761
0.957614
0.948267
0.940319
0.956442
0.975138
1.001054
0.844222
0.926013
0.959754
0.938399
0.974710
0.976864
0.803052
1.108090
0.994918
1.074146
0.973842
0.919631
1.075408
0.876192
0.825860
1.025931
0.927594
0.962826
0.914008
0.926134
0.940773
1.047120
1.018946
0.944276
0.996722
0.882081
0.937621
0.981374
1.139000
0.920036
1.094363
0.953256
1.077996
1.010299
0.834580
1.021358
0.988857
0.946739
0.996468
0.932181
1.058763
0.933149
0.979081
0.967483
0.844487
1.061129
0.978310
0.962128
1.034009
0.991597
0.861105
0.964151
1.129428
1.081979
1.085045
0.909105
0.879115
1.106963
0.934459
1.002468
0.881633
0.954414
0.829252
1.002135
0.891857
0.947862
0.883907
0.903049
0.942226
1.080350
1.016077
0.973046
0.985715
0.911970
0.929063
1.110019
0.968800
1.000207
0.988203
1.090524
1.065443
0.972661
0.877152
0.910186
1.031785
0.941982
0.992124
0.974033
1.001741
0.790930
0.909722
1.103650
0.883870
0.966885
0.950260
0.932553
0.956026
0.957309
1.024267
0.916423
1.037608
1.098627
1.045023
0.878675
1.016124
0.933323
0.949183
0.989985
0.837008
0.884803
0.903473
0.862505
0.936593
0.885455
0.826854
1.030046
1.032383
0.964289
1.016815
0.989293
0.893220
0.988773
0.852159
1.129209
1.054280
1.035110
0.996089
0.933868
1.099024
0.714685
0.912582
0.877919
1.005944
1.063888
0.903919
1.014712
0.993739
0.723583
0.958058
0.813286
0.791711
0.962932
0.985040
0.927463
0.966060
0.914085
1.045476
0.854699
1.098667
1.030167
0.981741
0.966678
1.023149
0.895565
0.875009
0.929703
0.940358
0.933019
1.049477
1.017649
0.784269
1.073382
0.947642
0.891920
0.970457
0.941095
0.874566
0.845397
1.012191
0.691948
0.863087
1.018358
0.873508
0.869392
1.003945
0.935110
0.868369
0.958633
0.938752
0.815412
0.910061
0.892617
0.854148
0.908083
1.119060
0.867823
0.937672
0.876532
0.941390
0.816313
0.933503
0.829726
0.924356
0.904290
0.838365
1.048228
0.797723
0.828935
0.775189
0.902005
0.830951
0.923151
0.746463
0.915214
0.852529
0.886389
0.912056
0.830610
0.781172
0.929181
0.911489
0.870112
0.947396
1.015626
0.766934
0.772004
0.817395
0.942474
0.899449
0.996613
0.854261
0.649051
0.950723
0.840903
0.739902
0.838190
0.646728
0.858989
0.851275
0.866140
0.823510
0.774507
0.915359
0.875568
0.731780
0.794628
0.913814
0.767909
0.998278
0.866211
0.949137
0.890984
1.019799
0.781988
0.753642
0.821537
0.815859
0.725697
0.801184
0.857477
0.824820
0.738656
0.652352
0.906619
0.785254
0.812487
0.852765
0.772333
0.690262
0.667192
0.697170
0.865789
0.744909
0.638561
0.780968
0.684420
0.787481
0.800418
0.734694
0.819449
0.855503
0.738576
0.717276
0.844079
0.843305
0.798559
0.666474
0.709404
0.912373
0.826157
0.792743
0.786598
0.778725
0.592908
0.896938
0.815802
0.735602
0.708822
0.716988
0.805889
0.725294
0.782590
0.777949
0.842019
0.648572
0.614495
0.872605
0.646418
0.809254
0.870573
0.670503
0.776444
0.740991
0.675911
0.732853
0.653871
0.765865
0.583677
0.864921
0.752435
0.763950
0.749698
0.868453
0.640416
0.711093
0.781260
0.752923
0.814106
0.743394
0.696969
0.880054
0.553240
0.748224
0.586865
0.703924
0.738591
0.615924
0.763886
0.638771
0.693297
0.594186
0.617459
0.641153
0.828277
0.520571
0.584957
0.597724
0.643826
0.737198
0.652942
0.608242
0.599525
0.622669
0.717325
0.726871
0.529424
0.707781
0.553577
0.611144
0.550685
0.571832
0.719590
0.776784
0.624715
0.422020
0.359961
0.686409
0.584195
0.547551
0.695146
0.628437
0.737714
0.647167
0.669822
0.677188
0.487423
0.679794
0.572371
0.667042
0.568934
0.681391
0.555887
0.511929
0.796736
0.406643
0.568392
0.627713
0.429995
0.486675
0.593682
0.489127
0.560518
0.537595
0.504156
0.780722
0.674161
0.639392
0.624942
0.468255
0.619801
0.506482
0.647359
0.623012
0.624979
0.567143
0.587723
0.598613
0.493213
0.595511
0.501878
0.455896
0.451033
0.406569
0.465123
0.565033
0.507050
0.675531
0.510370
0.463412
0.615905
0.535284
0.453867
0.547105
0.529353
0.562529
0.541889
0.511424
0.364553
0.602494
0.612839
0.424420
0.483120
0.501407
0.536503
0.467514
0.521576
0.414277
0.213621
0.444269
0.503202
0.547585
0.575801
0.521775
0.348487
0.487491
0.480064
0.552995
0.472192
0.307770
0.533291
0.578872
0.566970
0.494104
0.366051
0.449477
0.275749
0.725925
0.437032
0.612318
0.434086
0.452063
0.443311
0.461980
0.539134
0.402351
0.514080
0.409432
0.483830
0.413612
0.457520
0.399751
0.535654
0.309368
0.440628
0.393185
0.316636
0.503256
0.346630
0.472118
0.531708
0.419234
0.440939
0.405875
0.352749
0.298092
0.443410
0.335935
0.312640
0.464051
0.526664
0.480562
0.337890
0.380521
0.425204
0.352551
0.480224
0.474805
0.356300
0.494861
0.309164
0.454083
0.372635
0.544046
0.499308
0.469126
0.338867
0.264952
0.367106
0.363603
0.359784
0.501176
0.383982
0.499711
0.368318
0.201515
0.462931
0.403637
0.262967
0.295984
0.311222
0.408557
0.323691
0.318283
0.302168
0.327811
0.166376
0.295975
0.177371
0.391925
0.417978
0.430037
0.184136
0.378116
0.277471
0.447685
0.275479
0.384699
0.270853
0.220395
0.378889
0.335373
0.182336
0.270169
0.327829
0.154355
0.208397
0.153649
0.234443
0.308893
0.244830
0.249567
0.378196
0.346369
0.198137
0.291888
0.295890
0.175798
0.140471
0.225579
0.307748
0.364255
0.294821
0.293320
0.264293
0.366388
0.152930
0.379257
0.059192
0.199175
0.210398
0.425509
0.217488
0.205201
0.207357
0.314306
0.226752
0.257874
0.112960
0.440225
0.195147
0.153104
0.245578
0.266068
0.111048
0.082741
0.255323
0.251952
0.270721
0.307545
0.110336
0.237840
0.176331
-0.006093
0.266292
0.127026
0.239032
0.184637
0.232754
0.163561
0.383141
0.295853
0.161046
0.201791
0.209136
0.104377
0.198302
0.201893
0.231817
0.089720
0.228485
0.105755
0.061655
0.172674
0.250796
0.108454
0.130600
0.095068
0.109621
0.129023
0.095929
0.113859
0.186417
0.142127
0.210287
0.175160
-0.019914
0.046966
0.074796
0.210719
0.087426
0.141747
0.004809
-0.023032
0.202147
0.133994
0.180136
0.031245
0.042062
0.172521
0.140078
0.063622
0.025295
0.157578
0.088521
0.112451
0.056663
0.144700
0.127932
0.008346
-0.045364
0.160399
0.109562
0.069955
0.074496
-0.032540
0.163173
0.032248
0.185412
0.165498
0.111317
0.221001
0.106050
0.085745
0.129177
0.033104
0.013128
0.143834
0.011327
-0.153482
0.009467
0.105791
-0.018256
-0.084483
0.035839
-0.094365
0.145690
-0.029864
0.036202
0.005834
-0.023915
0.069557
0.002626
0.024835
0.097516
0.149773
-0.002793
0.017203
0.126804
-0.033004
-0.088728
-0.144250
0.028818
0.052439
0.049354
-0.161893
0.022639
-0.228214
-0.032062
-0.080659
0.093173
-0.049221
-0.156516
-0.193305
0.016285
-0.098668
0.008071
-0.086020
-0.015362
-0.138196
0.068921
-0.162591
-0.055768
0.074832
-0.071445
-0.114939
-0.040684
-0.071688
-0.096111
-0.081620
-0.026544
-0.163288
-0.050734
0.023882
-0.066332
-0.226324
-0.094397
-0.065943
-0.094866
-0.108782
-0.061371
-0.118131
-0.212870
-0.087497
-0.060690
-0.112128
-0.140720
-0.092922
-0.123839
-0.038977
-0.097222
0.069647
-0.094988
-0.110117
-0.171575
-0.154147
-0.110007
-0.135949
-0.132386
-0.110554
-0.081265
-0.209092
-0.082817
-0.221455
-0.136873
-0.104679
-0.161917
-0.127920
-0.128221
-0.052070
-0.292735
-0.331420
-0.075144
-0.267628
-0.254570
-0.100033
-0.251926
-0.123939
-0.160823
-0.116915
-0.130696
-0.327109
-0.069651
-0.154961
-0.313069
-0.023668
-0.232034
-0.179004
-0.138032
-0.082892
-0.301403
-0.235995
-0.172720
-0.179818
-0.090640
-0.065346
-0.047729
-0.128367
-0.343261
-0.319132
-0.161108
-0.151623
-0.272631
-0.133228
-0.287060
-0.174772
-0.316436
-0.308530
-0.315274
-0.182886
-0.365804
-0.175434
-0.074028
-0.180552
-0.204934
-0.190400
-0.261677
-0.234253
-0.176782
-0.382380
-0.227113
-0.313594
-0.379880
-0.299299
-0.335117
-0.200360
-0.293022
-0.312028
-0.241170
-0.438501
-0.377139
-0.347686
-0.307081
-0.398713
-0.286454
-0.194914
-0.054407
-0.276114
-0.242460
-0.326307
-0.173565
-0.391919
-0.313525
-0.319932
-0.243877
-0.483307
-0.320268
-0.410029
-0.385927
-0.457035
-0.516356
-0.289745
-0.457177
-0.334932
-0.367958
-0.419950
-0.400807
-0.253291
-0.377650
-0.330326
-0.352441
-0.360873
-0.278601
-0.336094
-0.245363
-0.504495
-0.322777
-0.434938
-0.426077
-0.341415
-0.325413
-0.496150
-0.230995
-0.369537
-0.434902
-0.344107
-0.317378
-0.445913
-0.408247
-0.346972
-0.424338
-0.276020
-0.483613
-0.294860
-0.392090
-0.468252
-0.432826
-0.370010
-0.316488
-0.383518
-0.384019
-0.358909
-0.337761
-0.340626
-0.434027
-0.423153
-0.558758
-0.188004
-0.401118
-0.356894
-0.406204
-0.379693
-0.500301
-0.462942
-0.463717
-0.364141
-0.430706
-0.362782
-0.522216
-0.495774
-0.427944
-0.266579
-0.454028
-0.339537
-0.346817
-0.539736
-0.365320
-0.686987
-0.617078
-0.391018
-0.544518
-0.510167
-0.576663
-0.426274
-0.424513
-0.426027
-0.485431
-0.683856
-0.432193
-0.456946
-0.499266
-0.495457
-0.525868
-0.439391
-0.435100
-0.610989
-0.476082
-0.438529
-0.458834
-0.450559
-0.498262
-0.568156
-0.466808
-0.431667
-0.493157
-0.427491
-0.478575
-0.354130
-0.609172
-0.649964
-0.499489
-0.511527
-0.646967
-0.725041
-0.579782
-0.421368
-0.464360
-0.566467
-0.500911
-0.675395
-0.567152
-0.371704
-0.582440
-0.549653
-0.548036
-0.528371
-0.520024
-0.602658
-0.608736
-0.502829
-0.670194
-0.699136
-0.605950
-0.654402
-0.526128
-0.686603
-0.480903
-0.603083
-0.671958
-0.429287
-0.564876
-0.612210
-0.399529
-0.601146
-0.668622
-0.637909
-0.598810
-0.566634
-0.626236
-0.648650
-0.600186
-0.624268
-0.471181
-0.775090
-0.518052
-0.685445
-0.598574
-0.448431
-0.613748
-0.613412
-0.598548
-0.606609
-0.672323
-0.631323
-0.622203
-0.642296
-0.657965
-0.685512
-0.708811
-0.604264
-0.581362
-0.717391
-0.609424
-0.599458
-0.466930
-0.550060
-0.691275
-0.707494
-0.548092
-0.667438
-0.683315
-0.587701
-0.650589
-0.630010
-0.618419
-0.624849
-0.508335
-0.512771
-0.469559
-0.663533
-0.514985
-0.648445
-0.658632
-0.761486
-0.645984
-0.685559
-0.629390
-0.657709
-0.750065
-0.476381
-0.714238
-0.600912
-0.708363
-0.822460
-0.818134
-0.636619
-0.703496
-0.670382
-0.692663
-0.666012
-0.603835
-0.623044
-0.680272
-0.719900
-0.544695
-0.662771
-0.584525
-0.797814
-0.592957
-0.681132
-0.597195
-0.789686
-0.838938
-0.858882
-0.704933
-0.672805
-0.615593
-0.710354
-0.753418
-0.666789
-0.668905
-0.530535
-0.773446
-0.848153
-0.508883
-0.701469
-0.764759
-0.716485
-0.778271
-0.811606
-0.735577
-0.654949
-0.678498
-0.741401
-0.794263
-0.775215
-0.692874
-0.689245
-0.760281
-0.649606
-0.702079
-0.860244
-0.704951
-0.816767
-0.750443
-0.651214
-0.670292
-0.747768
-0.822114
-0.548804
-0.765725
-0.736333
-0.724604
-0.774511
-0.813345
-0.831315
-0.927100
-0.863574
-0.954605
-0.814311
-0.671433
-0.707960
-0.802033
-0.936170
-0.643495
-0.752497
-0.796996
-0.746655
-0.796315
-0.654964
-0.693790
-0.784813
-0.765093
-0.779668
-0.919268
-0.859352
-0.662697
-0.844001
-0.788228
-0.836470
-0.724819
-0.759783
-0.830940
-0.901534
-0.741953
-0.810217
-0.835629
-0.771169
-0.837005
-0.785872
-0.815344
-0.805166
-0.934055
-0.751279
-0.987068
-0.875949
-0.733359
-0.882460
-0.905623
-0.809298
-0.867221
-0.905491
-0.838991
-0.748463
-0.753423
-0.868325
-0.752568
-0.875556
-0.745500
-0.803201
-1.044058
-0.723663
-0.882336
-0.673914
-0.872275
-0.804893
-0.824353
-0.790273
-0.763935
-0.835373
-0.942780
-0.764966
-0.980925
-0.925871
-0.880345
-0.823131
-0.820141
-0.964546
-0.981859
-0.931540
-0.864872
-1.062529
-0.923234
-0.817377
-0.989695
-0.967442
-0.672062
-0.876299
-0.811423
-0.784766
-0.929850
-0.820223
-0.884358
-0.812807
-0.779106
-0.991463
-0.993637
-0.979745
-1.019135
-1.012735
-0.778014
-0.932250
-0.806206
-0.882805
-0.893322
-0.773136
-0.918186
-1.105824
-0.834206
-0.964325
-0.910297
-0.898583
-0.916528
-0.971076
-0.934786
-0.974899
-0.889933
-0.831702
-0.913161
-0.919063
-0.915210
-0.948496
-0.925487
-1.035125
-1.001439
-0.876589
-1.034004
-0.969833
-0.878654
-0.966464
-0.991187
-0.937070
-0.917186
-0.982846
-0.883043
-0.953792
-1.078777
-0.976705
-0.854251
-1.023359
-0.929501
-0.892524
-0.977705
-0.946951
-0.722976
-0.715836
-0.961418
-0.821756
-1.075068
-0.939650
-0.897737
-0.946062
-0.871890
-0.877940
-0.803329
-0.894785
-0.966354
-0.721910
-0.849676
-1.110939
-0.803365
-0.891467
-1.036900
-0.832202
-1.024960
-0.930370
-0.947250
-0.953015
-0.976489
-1.064569
-0.883833
-0.845936
-0.919883
-1.010448
-0.935385
-1.061597
-0.992671
-1.042123
-0.943490
-0.963049
-0.855929
-1.023514
-0.889232
-0.910512
-0.843370
-0.982192
-1.007943
-1.003392
-0.843097
-1.000002
-1.001829
-1.017392
-0.874202
-0.982776
-0.914341
-0.872095
-0.897007
-0.950703
-1.230834
-1.032082
-0.992528
-1.020704
-0.854836
-0.967083
-0.755092
-0.861513
-0.861930
-1.148194
-1.083125
-1.064339
-1.045025
-1.073327
-0.900583
-0.932573
-0.926457
-0.948907
-0.944330
-1.038066
-1.017555
-1.044114
-1.031936
-0.998289
-0.870418
-0.988880
-0.969907
-0.930573
-1.070751
-0.937290
-1.099214
-1.121470
-0.875376
-0.841803
-0.954300
-1.005033
-0.889413
-0.919469
-0.980660
-0.901014
-1.114746
-0.828960
-1.024250
-0.829964
-0.970401
-0.876804
-0.718777
-0.918406
-0.900668
-1.008686
-1.026498
-0.981392
-1.132537
-1.070333
-1.125852
-0.964824
-1.015579
-1.028075
-0.892141
-1.075299
-0.941065
-0.978390
-0.996750
-0.968279
-1.008017
-1.076980
-1.103565
-1.050331
-0.934681
-0.938535
-0.773000
-1.029867
-0.977379
-1.117750
-1.078489
-0.867026
-1.029478
-1.104234
-1.100993
-1.053699
-0.902199
-1.024957
-1.058042
-0.861744
-1.036158
-1.030300
-1.049809
-1.149623
-0.940516
-1.104448
-1.075512
-1.029210
-0.906519
-0.871781
-0.952656
-0.911510
-1.107008
-1.140560
-1.030285
-1.063945
-0.993787
-0.911551
-1.051491
-1.018071
-0.973298
-0.910136
-0.903756
-0.937566
-0.923079
-1.064604
-1.169745
-1.039197
-1.032367
-0.992447
-1.149851
-0.930044
-0.976103
-1.094178
-0.985853
-0.987729
-1.155642
-0.958890
-1.059954
-0.975340
-0.941277
-0.951987
-0.781298
-1.045040
-1.054448
-0.986589
-1.027465
-0.901479
-0.981135
-0.971381
-1.095558
-0.908188
-0.909906
-0.807526
-0.953683
-0.908220
-1.079633
-0.985870
-0.950288
-1.004268
-1.047363
-1.085108
-1.002564
-0.985795
-1.004331
-1.181955
-1.038508
-0.886750
-1.020122
-0.962103
-0.978578
-0.908893
-1.029836
-0.961048
-1.009895
-0.801663
-1.018621
-0.935324
-1.077936
-1.028379
-0.898981
-1.033695
-0.976678
-0.934911
-0.893530
-0.836053
-1.029789
-0.893862
-1.120816
-0.982898
-0.905933
-0.970117
-0.912821
-0.957936
-0.926922
-1.114546
-1.033674
-0.949725
-1.071127
-1.065584
-1.018491
-0.915338
-0.879645
-0.966278
-1.090023
-1.084782
-1.073962
-1.074394
-0.981861
-1.017973
-0.888288
-0.868265
-1.118756
-0.822901
-1.031373
-1.073293
-1.048183
-1.138779
-0.936781
-0.818121
-0.984012
-0.770379
-0.765940
-1.054162
-1.078247
-1.022874
-0.897285
-0.936213
-0.933679
-0.834095
-1.026316
-1.035155
-1.062591
-0.978500
-1.125353
-0.962906
-1.013478
-0.945133
-0.920717
-1.166659
-1.004965
-0.944295
-0.979654
-0.898615
-0.870215
-0.944986
-0.914086
-0.830080
-0.980226
-1.080095
-0.792168
-0.972268
-0.952885
-0.892596
-1.049595
-0.981820
-0.829866
-1.030395
-0.962948
-1.012788
-0.993857
-1.127021
-0.905742
-0.893529
-1.036218
-0.959850
-0.924606
-0.933550
-0.949842
-1.020989
-0.887340
-1.201851
-1.032207
-1.008285
-0.920807
-0.870639
-1.080120
-0.863891
-1.021794
-0.917388
-1.068076
-0.976256
-0.821315
-0.922259
-0.904544
-0.902324
-0.986464
-0.845296
-0.767379
-1.032581
-0.939666
-0.925868
-0.995616
-0.933549
-0.901292
-0.934529
-0.985311
-1.032056
-0.869032
-0.963119
-0.989008
-0.908518
-0.991859
-0.986258
-1.029673
-0.924016
-0.990272
-0.909927
-1.084681
-0.931621
-0.997087
-1.002960
-1.048701
-0.946019
-0.958593
-0.959924
-0.898989
-0.852856
-1.028614
-0.845646
-0.981119
-0.889543
-0.943130
-0.963209
-0.888801
-0.876988
-0.954010
-0.979903
-0.912118
-0.876513
-0.806173
-0.902137
-0.860597
-0.879858
-0.900695
-0.888824
-0.976193
-0.891368
-0.950814
-1.013094
-0.945740
-1.053499
-0.953934
-0.888800
-0.923519
-0.893982
-1.041155
-1.002500
-0.948006
-0.882788
-0.929350
-0.811170
-0.865977
-0.941141
-0.851710
-0.916049
-0.945547
-0.955895
-0.983696
-0.774861
-0.815123
-0.800312
-0.926760
-0.858333
-0.882843
-0.957159
-0.974549
-0.828251
-0.831162
-0.859560
-0.844601
-1.046165
-1.036696
-0.809677
-0.850889
-1.016780
-0.809656
-0.778845
-0.872215
-0.891137
-0.957966
-0.935665
-0.875095
-0.998113
-0.802724
-0.903068
-0.888867
-0.865426
-0.908258
-0.828581
-0.975333
-0.942755
-0.934823
-0.761100
-0.916623
-0.920610
-0.779230
-0.833590
-0.730642
-0.726821
-0.760703
-0.854676
-0.976363
-0.935077
-0.709302
-0.741317
-0.809527
-0.970188
-0.881314
-0.749511
-0.893383
-0.767717
-0.946657
-0.993392
-0.672508
-0.991024
-0.746095
-0.897827
-0.926547
-0.941530
-0.739761
-0.730344
-0.692058
-0.903259
-0.959869
-0.786761
-0.848767
-0.855855
-0.816304
-0.776643
-0.768640
-0.738621
-0.797639
-0.930598
-0.703451
-0.679266
-0.784572
-0.794032
-0.930890
-0.828015
-0.806099
-0.714510
-0.824654
-0.874930
-0.834678
-0.835643
-0.844683
-0.748574
-0.769353
-0.772553
-0.836925
-0.736617
-0.781358
-0.871976
-0.876074
-0.687220
-0.776233
-0.920084
-0.903577
-0.750373
-0.645502
-0.793348
-0.813520
-0.659131
-0.841257
-0.806086
-0.791767
-0.893537
-0.783974
-0.815445
-0.675547
-0.709649
-0.870322
-0.847671
-0.671975
-0.846850
-0.669079
-0.939695
-0.687379
-0.788430
-0.737812
-0.740918
-0.714915
-0.747312
-0.821329
-0.737409
-0.563565
-0.694776
-0.883478
-0.631136
-0.737817
-0.757758
-0.746949
-0.692506
-0.745339
-0.851071
-0.732415
-0.741247
-0.744015
-0.679622
-0.785714
-0.618164
-0.827840
-0.652340
-0.729268
-0.619468
-0.715995
-0.598328
-0.630416
-0.709335
-0.786824
-0.849236
-0.519653
-0.687766
-0.497751
-0.759584
-0.686587
-0.645390
-0.646042
-0.615369
-0.805200
-0.523444
-0.656704
-0.770647
-0.635550
-0.710098
-0.694656
-0.586699
-0.611979
-0.727080
-0.598806
-0.613088
-0.713271
-0.581881
-0.721960
-0.676768
-0.758718
-0.662662
-0.546901
-0.599281
-0.626414
-0.740851
-0.718611
-0.730162
-0.733689
-0.627383
-0.795440
-0.591521
-0.793794
-0.529892
-0.674533
-0.579930
-0.599569
-0.572326
-0.532295
-0.804137
-0.557018
-0.560627
-0.490574
-0.590706
-0.589271
-0.622001
-0.577430
-0.558012
-0.561207
-0.743432
-0.740624
-0.443056
-0.602748
-0.557237
-0.542441
-0.551970
-0.522310
-0.461373
-0.571671
-0.702032
-0.569987
-0.519079
-0.628687
-0.594651
-0.529552
-0.552886
-0.642321
-0.466578
-0.496071
-0.514842
-0.589041
-0.652060
-0.561583
-0.482806
-0.564216
-0.527813
-0.602606
-0.624464
-0.575777
-0.545663
-0.479882
-0.470412
-0.660513
-0.556046
-0.605585
-0.668971
-0.538246
-0.829092
-0.434101
-0.463122
-0.515704
-0.493383
-0.519612
-0.473758
-0.580425
-0.564200
-0.441958
-0.517203
-0.289877
-0.544038
-0.389279
-0.512710
-0.603701
-0.572421
-0.509487
-0.455187
-0.569751
-0.594816
-0.489475
-0.458652
-0.679458
-0.419131
-0.478708
-0.547486
-0.531578
-0.767811
-0.401382
-0.511962
-0.540012
-0.477912
-0.489436
-0.615546
-0.302966
-0.394864
-0.583876
-0.432994
-0.422437
-0.380399
-0.293109
-0.444914
-0.629475
-0.440839
-0.519295
-0.506696
-0.576014
-0.471852
-0.342991
-0.376250
-0.415495
-0.605790
-0.544478
-0.481039
-0.491941
-0.529318
-0.296477
-0.458373
-0.273323
-0.362814
-0.486038
-0.430703
-0.397430
-0.529182
-0.458033
-0.447658
-0.419937
-0.444538
-0.458749
-0.421297
-0.482015
-0.292004
-0.485313
-0.338396
-0.433598
-0.468117
-0.372161
-0.320480
-0.329532
-0.558215
-0.329182
-0.391852
-0.294239
-0.378555
-0.333144
-0.495562
-0.336266
-0.464652
-0.297612
-0.357440
-0.310317
-0.358998
-0.336341
-0.234630
-0.406272
-0.301002
-0.365889
-0.223345
-0.347661
-0.356723
-0.306494
-0.505650
-0.385159
-0.331303
-0.316212
-0.285697
-0.354016
-0.373317
-0.269034
-0.318127
-0.396251
-0.313371
-0.286183
-0.292032
-0.362637
-0.307932
-0.339108
-0.382391
-0.245035
-0.300766
-0.206751
-0.384235
-0.317554
-0.352145
-0.248178
-0.296510
-0.195365
-0.313368
-0.238542
-0.194606
-0.289190
-0.371444
-0.219932
-0.353027
-0.227306
-0.203072
-0.376077
-0.333540
-0.366139
-0.305658
-0.341541
-0.370566
-0.189342
-0.332152
-0.346583
-0.253428
-0.224748
-0.314177
-0.347884
-0.225688
-0.181958
-0.272681
-0.241148
-0.017776
-0.246219
-0.460049
-0.347945
-0.312367
-0.199536
-0.226640
-0.245506
-0.120266
-0.180306
-0.323872
-0.278612
-0.093670
-0.077195
-0.272510
-0.186978
-0.331178
-0.359023
-0.087295
-0.127798
-0.371966
-0.116111
-0.079018
-0.182890
-0.183441
-0.201059
-0.063759
-0.076049
-0.117877
-0.089725
-0.097114
-0.251924
-0.266461
-0.110849
-0.232719
-0.141324
-0.127425
-0.225674
-0.074047
-0.131182
-0.011954
-0.098439
-0.098114
0.062312
-0.198992
-0.147478
-0.224098
-0.183091
-0.130414
-0.050817
-0.178369
-0.179263
-0.239008
-0.264535
0.025187
-0.030020
-0.195176
-0.179303
-0.053564
-0.102667
-0.016700
-0.105870
-0.152948
-0.070772
-0.013434
-0.117122
0.039637
-0.080165
-0.096792
-0.051366
-0.217984
-0.155699
-0.093573
-0.049755
0.058760
-0.020126
-0.139322
-0.089503
-0.012232
-0.044793
-0.206890
-0.072751
-0.018888
-0.146307
-0.020103
0.020409
-0.025176
-0.016649
-0.091959
0.012268
-0.068428
0.104884
0.035015
0.149209
-0.081585
-0.012671
-0.050159
0.102687
0.046336
0.038944
0.166805
-0.116343
-0.051109
-0.045311
0.025696
-0.005245
0.023774
-0.034402
0.021185
0.090166
0.032224
-0.015251
-0.020329
-0.018217
-0.100697
0.009519
0.006971
0.019365
-0.124041
-0.057365
-0.047482
-0.144753
-0.025634
-0.011367
-0.074286
0.132188
-0.055744
0.118750
0.166842
0.152786
0.011653
-0.082260
-0.099403
0.031947
-0.051852
0.203197
0.015295
-0.081946
-0.002539
-0.121906
0.027576
0.066374
0.004641
0.109300
-0.023642
-0.008406
0.083428
0.036682
0.135011
-0.052160
-0.028308
0.095082
0.074275
0.270097
0.099086
0.093018
0.148963
0.075384
-0.066111
-0.052008
0.255590
0.099353
0.102613
0.089559
0.100996
-0.011397
0.215562
0.018473
0.088802
0.046350
0.074269
0.137873
0.110423
0.014753
0.036055
0.066628
-0.046005
0.169767
0.125823
0.142265
0.055598
0.141702
0.096367
0.149149
0.089664
0.086109
0.188682
0.158156
0.311580
0.135718
0.121112
0.197443
0.179460
0.233711
0.113565
0.180053
0.002447
0.204239
0.139864
0.230765
0.092733
0.255828
0.285164
0.133498
0.038811
0.186500
0.306904
0.144034
0.151835
0.067630
0.147788
0.156054
0.154465
0.083008
0.265972
0.053826
0.093650
0.287693
0.214114
0.093681
0.143393
0.165033
0.130410
0.230112
0.287054
0.120604
0.323590
0.158721
0.351286
0.106017
0.260081
0.224469
0.273724
0.177953
0.267722
0.209606
0.220007
0.115753
0.441891
0.308269
0.016051
0.295853
0.303073
0.198126
0.177178
0.197175
0.326630
0.263906
0.118109
0.130490
0.149548
0.211300
0.176994
0.170214
0.056807
0.223652
0.357036
0.284721
0.308788
0.188062
0.235697
0.173574
0.262470
0.137306
0.270492
0.379267
0.294474
0.154385
0.221867
0.365954
0.194414
0.227375
0.335246
0.349521
0.178909
0.322383
0.343649
0.241679
0.424479
0.254356
0.340080
0.292087
0.326770
0.370710
0.263155
0.279142
0.214486
0.380302
0.447542
0.237174
0.340863
0.312865
0.342785
0.162001
0.338137
0.424675
0.362882
0.507022
0.325068
0.153642
0.450262
0.332263
0.272443
0.311579
0.210135
0.187766
0.373658
0.281126
0.260330
0.189702
0.367834
0.340518
0.290913
0.437749
0.431302
0.297226
0.412998
0.432021
0.341862
0.256180
0.346756
0.358708
0.394982
0.378246
0.367592
0.379325
0.270640
0.483426
0.319297
0.232855
0.378955
0.385633
0.384829
0.271553
0.330659
0.461442
0.347135
0.373811
0.302564
0.511564
0.558553
0.438021
0.373980
0.458662
0.437166
0.402193
0.330964
0.469692
0.432128
0.275562
0.499881
0.619191
0.378508
0.475520
0.391015
0.381004
0.368706
0.434519
0.500403
0.414551
0.260820
0.345756
0.209321
0.432654
0.384653
0.429983
0.403852
0.452218
0.559099
0.447781
0.220840
0.474682
0.461689
0.481224
0.262973
0.447838
0.650127
0.569370
0.408331
0.371535
0.648465
0.435792
0.621700
0.564312
0.362842
0.520473
0.395248
0.639726
0.534814
0.532911
0.506429
0.455728
0.460618
0.416375
0.352232
0.399582
0.490338
0.489366
0.429485
0.453883
0.583111
0.484967
0.405464
0.282791
0.455802
0.376164
0.548899
0.262623
0.633877
0.600802
0.479916
0.516970
0.471894
0.605632
0.534598
0.485007
0.477994
0.551890
0.526919
0.497816
0.691302
0.513102
0.467425
0.594118
0.321137
0.330577
0.406821
0.467156
0.525214
0.471602
0.456767
0.640636
0.437178
0.568362
0.471061
0.470900
0.612173
0.601408
0.600638
0.767754
0.655220
0.510220
0.436924
0.543972
0.556596
0.429085
0.646559
0.476754
0.585464
0.593309
0.512925
0.596229
0.427063
0.509630
0.526987
0.466329
0.626497
0.509090
0.501769
0.732411
0.561776
0.516123
0.563710
0.541589
0.486936
0.625960
0.613512
0.643789
0.555209
0.662230
0.485101
0.562594
0.558690
0.653530
0.567548
0.691634
0.505735
0.519944
0.638653
0.537090
0.461526
0.657594
0.545791
0.578461
0.630904
0.572647
0.642652
0.687983
0.619472
0.558305
0.522682
0.598214
0.518325
0.626924
0.467032
0.537019
0.579149
0.707042
0.456391
0.505049
0.571310
0.711738
0.667669
0.637900
0.576489
0.502573
0.706078
0.681312
0.539720
0.625285
0.682377
0.568821
0.663951
0.625799
0.615756
0.731469
0.524523
0.624416
0.723650
0.562434
0.657962
0.573233
0.772653
0.693338
0.593502
0.621332
0.561735
0.664161
0.564433
0.687439
0.633849
0.706154
0.788527
0.634520
0.606345
0.671007
0.703300
0.793458
0.696962
0.646622
0.558145
0.698315
0.727873
0.647497
0.602914
0.676726
0.758722
0.841022
0.774637
0.655059
0.769699
0.656581
0.714341
0.658841
0.736139
0.586668
0.657077
0.685264
0.833958
0.613888
0.706492
0.682053
0.787647
0.613375
0.790245
0.593195
0.725846
0.797836
0.662174
0.846943
0.648512
0.720553
0.596090
0.742097
0.846389
0.685751
0.663363
0.770192
0.623701
0.719595
0.599043
0.672900
0.716315
0.781660
0.590745
0.740685
0.722981
0.795770
0.734673
0.774662
0.674964
0.912896
0.700278
0.629081
0.714006
0.524003
0.729597
0.710121
0.746267
0.775578
0.702641
0.771332
0.864984
0.790482
0.791224
0.633587
0.645434
0.719020
0.815859
0.677203
0.659400
0.700891
0.853687
0.760369
0.678895
0.866328
0.758727
0.687662
0.793677
0.760571
0.745010
0.709332
0.822081
0.734667
0.717351
0.826393
0.842241
0.671697
0.871109
0.689559
0.883244
0.784659
0.822746
0.756006
0.902329
0.912488
0.715220
0.794635
0.905771
0.770192
0.728664
0.879990
0.790014
0.740613
0.757743
0.741697
0.822116
0.853246
0.927680
0.723026
0.723063
0.656852
0.718838
0.847695
0.917374
0.728272
0.837460
0.735454
0.903852
0.735198
0.892093
0.838574
0.692542
0.665738
0.680338
0.726985
0.893903
0.682427
0.825940
0.875468
0.730263
0.853237
0.968888
0.761305
0.948260
0.808190
0.653478
0.774335
0.772495
0.889999
0.877156
0.884634
0.988549
0.807804
0.893412
0.857747
0.876652
0.794997
0.652540
0.960031
1.092724
0.829407
0.932137
0.893737
0.825532
0.786943
0.857267
0.764336
0.883690
0.727057
0.868935
0.862232
1.136925
0.867474
0.923218
0.761046
0.970265
0.936079
0.905721
0.664129
0.703326
0.787564
0.735033
0.932139
0.990936
0.815282
0.821913
0.911819
0.807796
0.751713
0.886747
0.849554
0.781927
0.866547
0.719385
0.830082
0.831173
1.009017
0.925702
0.896319
0.901608
0.815214
0.892341
0.845944
0.809326
0.951888
0.865623
0.808858
0.956003
0.837570
0.917604
1.089992
1.026981
0.838974
0.886381
0.851164
0.952181
0.950040
0.917647
0.885491
0.867511
0.816753
0.850547
0.943944
0.814653
0.947203
0.874142
0.923355
0.929641
0.879594
0.890559
0.893595
1.009235
0.823006
0.995753
0.889346
0.829373
1.029774
0.957740
0.915195
0.879405
1.007852
1.048190
0.943283
0.816300
0.886203
0.865693
0.929064
0.801472
0.874148
0.789632
0.853369
0.927000
0.982516
0.904718
0.939602
0.907775
0.881194
0.943679
0.761257
0.948205
0.905291
1.152628
0.944916
1.008339
1.051120
0.997034
1.051394
0.874783
0.978544
0.930465
1.038214
1.006580
1.031912
1.129105
0.947728
1.016583
0.954888
0.856110
1.071696
0.975482
0.891251
0.897517
1.003159
0.946884
0.951356
1.007886
0.946970
0.921106
0.824127
0.917540
0.968842
0.956158
0.846423
1.112388
0.928875
0.976084
0.905957
0.889759
1.060900
1.036522
1.084096
0.854992
0.909214
1.016777
1.055446
1.006110
1.038989
0.975929
1.067988
1.101084
0.965206
0.923719
1.066235
0.851931
0.932691
0.835943
0.885154
0.962895
1.059141
0.914249
1.034958
0.995378
0.843745
0.886601
0.876404
0.957186
1.022790
1.084133
1.097813
1.062454
0.952985
0.891460
0.959607
0.896063
0.856791
0.987678
0.909136
0.886254
0.866990
0.906200
1.102681
1.144843
1.007616
0.979839
1.003832
0.900495
0.900898
0.798724
1.021207
0.853624
0.925655
0.927114
0.933635
0.979115
0.954742
0.908355
0.972842
0.916414
0.997204
1.020403
1.026790
0.888484
0.950911
1.040553
1.129752
0.971680
0.903595
0.998090
0.868096
0.872944
0.964281
1.038686
0.816351
0.944853
1.006956
1.079132
0.917942
1.012117
0.995198
1.062702
0.955720
0.896261
0.920929
0.906098
1.025677
1.076797
0.990513
0.916431
0.853741
0.973724
1.072172
1.067445
0.921927
1.024441
0.902611
1.010383
0.982402
1.067906
0.988277
1.037269
1.021633
0.957579
1.024662
1.090118
0.938646
0.960760
0.979930
0.941382
1.043836
0.946206
0.897743
1.033566
1.031298
0.956284
1.153697
1.052554
0.913836
0.871043
0.922904
0.932113
0.967828
1.044260
1.077570
1.115313
1.029808
1.061171
1.038220
0.880000
0.968873
0.980093
1.032513
0.916559
1.069245
0.878953
1.047198
1.008521
0.948194
0.935409
0.932781
0.906912
1.138236
0.957020
0.939760
0.957596
0.842619
0.997267
0.947290
0.888128
1.102046
0.972223
0.969049
0.986863
1.032171
0.829594
0.930208
0.997243
0.921563
1.016735
1.121712
1.022000
1.120828
0.898537
0.919127
0.788465
0.993850
1.109196
0.997910
0.990604
0.831752
1.108611
1.094155
1.008904
1.008454
1.095946
1.026528
1.041888
0.990444
1.045851
1.007942
1.073116
1.082978
0.968963
1.016838
0.932631
0.855546
1.102994
1.024853
1.063446
0.941400
0.933047
0.869859
1.066184
0.972455
0.959844
0.964591
1.177550
0.914413
1.013951
1.022737
0.960856
1.143533
0.857726
0.948140
1.011117
1.008792
0.861813
1.013395
0.999514
1.073507
0.912867
1.058543
1.017162
1.080764
0.917724
0.810690
1.025779
1.085732
0.818552
0.858718
1.056510
1.046046
1.066202
1.027407
0.914564
0.921945
1.044595
1.088987
0.914751
1.073970
1.035556
0.953807
1.093629
0.915240
1.059716
0.914278
0.979496
0.913654
0.960408
0.884024
0.959450
1.124246
0.867902
1.064673
1.076677
1.034062
1.047300
0.993901
1.113221
0.939807
0.949259
0.879336
0.976924
0.902037
0.947046
0.951229
0.948936
0.931595
1.010990
1.069104
0.946832
1.018669
0.931260
1.005399
0.953117
1.185519
0.907872
1.066995
1.037868
1.031296
0.952533
1.063707
0.874574
0.996108
1.001308
1.004819
1.022458
1.053188
1.061519
0.936627
0.898798
0.977247
0.974932
1.019650
1.108149
0.982785
0.863965
0.999676
1.053244
0.961673
0.868165
0.992475
0.906954
1.128346
0.954235
0.981094
1.049601
0.987478
1.002936
0.947813
0.889048
0.932126
0.998672
0.985803
0.987294
1.041713
1.014197
0.846919
0.901469
0.985497
1.096792
0.968415
0.997665
0.899538
1.136176
1.115412
1.032634
0.999885
0.896313
1.014558
0.915016
0.961872
0.916572
1.036692
0.963635
1.093326
0.754988
1.043690
1.017424
0.810957
0.976171
1.132321
0.873225
0.922041
1.038774
0.954502
0.837209
0.942620
0.927404
1.088903
0.917376
0.815897
1.089661
0.910279
0.923124
0.951786
1.097107
0.963202
0.923021
0.926968
0.910286
1.060347
0.932039
0.959922
0.905842
0.912232
0.985407
0.988447
0.820688
0.914354
0.925105
1.089696
0.871668
0.869552
0.939257
1.026912
1.021890
1.063069
0.842253
0.887607
0.920885
1.060219
0.957406
0.991531
0.941290
0.945305
0.988076
0.953356
0.979823
0.929505
0.938385
1.048534
0.788443
0.977424
0.990218
1.008285
0.935035
0.911182
1.018495
0.905147
0.909067
0.983363
0.891802
1.142497
0.850755
1.026679
0.896399
0.946036
1.003849
1.023001
0.865814
0.828139
0.879858
1.045076
0.934434
0.872468
0.815754
1.157652
0.928693
0.884577
0.863066
1.014990
1.087678
0.873848
0.810012
0.985347
0.949909
0.839440
0.896632
0.855415
1.063978
0.780709
0.949384
1.020070
1.003723
0.942370
0.989034
0.713163
0.893980
0.785688
0.864469
0.861937
0.942817
0.841827
1.016352
0.906233
0.813159
0.878576
0.886195
0.871321
0.810583
0.875577
0.878496
0.804495
0.864912
0.940814
0.827263
0.879760
0.958387
0.843139
0.904933
0.847689
1.055888
0.883626
0.900660
0.916826
0.848751
0.877988
0.996100
0.929356
0.920373
0.917459
0.959144
0.913925
0.878984
0.992455
0.955654
0.893460
0.866603
0.762035
1.066111
1.029169
0.821085
0.920341
0.825310
1.056747
0.822192
0.740214
0.851187
0.847277
0.800362
0.884064
0.795189
1.043903
0.928178
0.890253
0.766872
0.887003
0.803358
0.856358
0.774964
0.873241
0.793392
0.939777
0.931052
0.815143
0.757420
0.747132
0.634136
0.868583
0.676786
0.802116
0.851104
0.815394
0.884307
0.841539
0.945843
0.772441
0.809037
0.779291
0.932920
0.845598
0.799376
0.925481
0.945236
0.766988
0.853931
0.875326
0.776021
1.023646
0.805460
0.895658
1.012942
0.874301
0.899317
0.722344
0.723383
0.982153
0.792273
0.827903
0.827456
0.795786
0.740992
0.827106
0.791863
0.783388
0.805409
0.741449
0.802459
0.828308
0.865301
0.956780
0.619762
0.959642
0.632873
0.770671
0.736733
0.768170
0.797258
0.825367
0.822992
0.723484
0.743798
0.884146
0.799431
0.748420
0.731413
0.572378
0.727403
0.861261
0.848103
0.704685
0.907658
0.796001
0.868370
0.783502
0.739595
0.675638
0.650095
0.911864
0.649381
0.706070
0.713590
0.723245
0.649783
0.717486
0.750135
0.764252
0.722319
0.672885
0.731581
0.679523
0.806126
0.797808
0.628924
0.719909
0.806295
0.842466
0.810181
0.706654
0.758983
0.809371
0.693494
0.739088
0.645426
0.736507
0.802762
0.854075
0.656297
0.663698
0.757410
0.595686
0.779843
0.660852
0.809869
0.777043
0.686658
0.817191
0.745559
0.743764
0.746417
0.760174
0.738963
0.717907
0.664888
0.674314
0.589111
0.544066
0.671159
0.783074
0.735113
0.767169
0.724489
0.661600
0.606162
0.740728
0.879208
0.760614
0.674520
0.675518
0.576981
0.801008
0.724764
0.641374
0.820339
0.664644
0.690725
0.570458
0.638662
0.788709
0.779758
0.725230
0.637925
0.656138
0.633476
0.706224
0.668160
0.549375
0.648432
0.690440
0.681797
0.719332
0.712679
0.754647
0.858404
0.600189
0.781819
0.622599
0.615570
0.825164
0.694391
0.544460
0.629029
0.622663
0.706089
0.794361
0.626582
0.541193
0.678186
0.521298
0.732045
0.715388
0.686883
0.614624
0.569834
0.538338
0.784904
0.475383
0.578796
0.673347
0.694876
0.636140
0.607168
0.589027
0.520421
0.707093
0.515632
0.613903
0.536471
0.705241
0.603631
0.430255
0.709046
0.603437
0.500509
0.582981
0.622990
0.787592
0.583165
0.676177
0.491877
0.603529
0.611124
0.581189
0.591450
0.560772
0.668995
0.692156
0.540849
0.666033
0.688599
0.693654
0.705989
0.466735
0.622788
0.616112
0.596767
0.537036
0.702136
0.567261
0.562701
0.545116
0.507689
0.430433
0.440612
0.564477
0.536734
0.617815
0.557918
0.447483
0.529221
0.496316
0.635666
0.514643
0.481989
0.656032
0.527678
0.618079
0.513383
0.661831
0.521248
0.598869
0.558389
0.517844
0.646864
0.484279
0.490005
0.584927
0.502318
0.511633
0.585205
0.647565
0.594747
0.508345
0.533287
0.556240
0.553322
0.559109
0.453010
0.612850
0.609163
0.654482
0.411784
0.488374
0.380997
0.508219
0.651179
0.561788
0.582645
0.568699
0.507334
0.513626
0.626057
0.411515
0.663415
0.515949
0.497947
0.506267
0.511050
0.476169
0.608034
0.480903
0.560955
0.560380
0.678401
0.599246
0.364635
0.514451
0.514942
0.537159
0.635853
0.391350
0.527518
0.445463
0.558222
0.494185
0.543590
0.474979
0.505275
0.296821
0.514413
0.514979
0.392501
0.504620
0.507909
0.630040
0.393813
0.445510
0.383041
0.501715
0.492870
0.497539
0.329880
0.542961
0.347181
0.534024
0.523774
0.481074
0.275788
0.410706
0.454445
0.466291
0.482296
0.495985
0.614147
0.459804
0.430747
0.439830
0.433967
0.479695
0.435185
0.391537
0.577075
0.372768
0.301957
0.325809
0.582141
0.464436
0.449810
0.309281
0.417427
0.423149
0.395791
0.486699
0.378814
0.464875
0.244913
0.258307
0.396717
0.394565
0.502073
0.408783
0.310464
0.292661
0.345542
0.450468
0.408881
0.402124
0.435995
0.522884
0.416376
0.162135
0.419073
0.289704
0.401269
0.454006
0.269553
0.268279
0.341682
0.436521
0.357679
0.462034
0.315084
0.380856
0.403161
0.291321
0.433544
0.329244
0.551917
0.320169
0.369316
0.317628
0.322539
0.305066
0.246257
0.274836
0.356628
0.395422
0.380153
0.405576
0.304589
0.434381
0.387068
0.343105
0.369114
0.289952
0.139082
0.385046
0.199119
0.311905
0.349241
0.315743
0.384039
0.286700
0.203607
0.318480
0.210383
0.266285
0.317284
0.299803
0.242248
0.239581
0.349539
0.333804
0.378668
0.182374
0.398478
0.319001
0.308253
0.102109
0.206209
0.197708
0.197535
0.253902
0.389912
0.258319
0.485923
0.166645
0.237884
0.287666
0.293410
0.210546
0.253392
0.234062
0.268074
0.271131
0.340119
0.255288
0.317263
0.249219
0.336156
0.308561
0.175012
0.141254
0.311691
0.099269
0.323571
0.258294
0.210440
0.135139
0.200010
0.298870
0.213288
0.223040
0.231761
0.314873
0.232290
0.255132
0.104249
0.267248
0.135489
0.176171
0.352211
0.286575
0.219050
0.239532
0.126015
0.170584
0.178261
0.263186
0.141497
0.291894
0.287312
0.188419
0.139799
0.189416
0.123875
0.297993
0.212536
0.250403
0.311549
0.189976
0.208089
0.286154
0.170143
0.168565
0.159526
0.015833
0.176500
0.055314
0.069986
0.142311
0.204768
0.134306
0.182958
0.375508
0.113502
0.146825
0.076755
0.116488
0.104417
0.242217
0.074074
0.165887
0.104594
0.177403
0.091005
0.176394
0.093337
0.062444
0.065626
0.088775
0.130516
0.108476
0.245467
0.126962
0.130696
0.098300
-0.000008
0.138247
0.027718
0.048735
0.189525
0.048249
-0.004458
0.086562
0.122513
0.098256
-0.121089
0.182209
0.098218
0.100273
0.092927
0.148471
0.115776
0.140561
0.195065
-0.018174
0.045667
0.021268
0.098218
0.060661
-0.026222
-0.012589
0.118293
0.127879
0.163024
0.007006
0.066956
0.074164
0.069690
0.004782
0.036308
0.100618
0.004856
0.039130
0.041475
0.149774
0.247002
-0.102130
-0.067831
-0.003818
0.013149
-0.112239
-0.083773
0.000390
0.105275
0.012998
-0.072156
0.067944
-0.070358
0.019009
-0.017429
-0.031660
0.034190
0.026577
0.148964
0.062697
0.088803
0.012880
-0.003619
0.081337
-0.042019
0.029197
0.109127
0.039019
0.096825
0.034686
-0.028872
-0.124977
-0.193370
-0.164707
0.031078
0.168286
0.055597
-0.058349
-0.036500
-0.074245
-0.053035
-0.146386
-0.020036
-0.098552
0.047882
0.006120
0.022523
-0.107969
0.104655
-0.023210
0.096751
-0.273051
0.072546
-0.038647
-0.054483
-0.058831
-0.082240
0.032002
-0.112540
0.032182
-0.024445
0.073490
-0.020811
-0.165647
-0.095701
0.084967
-0.094257
-0.062601
-0.111912
-0.044248
-0.093902
-0.046724
-0.057725
-0.109331
-0.048962
-0.045135
-0.096669
0.092900
-0.050290
-0.138944
-0.166691
-0.135855
-0.039938
-0.105554
-0.081173
-0.160545
-0.213790
-0.137177
-0.182041
-0.174421
-0.150099
-0.216280
-0.210823
-0.072953
-0.148028
-0.160494
-0.059814
-0.094577
0.012065
-0.170305
-0.005473
-0.239853
-0.152396
-0.169110
-0.085376
-0.101164
-0.294914
-0.109733
-0.217097
-0.170919
-0.061916
-0.235239
-0.074836
-0.164687
-0.142188
-0.173782
-0.143321
-0.089923
-0.054805
-0.172392
-0.207603
-0.206136
-0.122786
-0.193465
-0.089673
-0.267111
-0.281348
-0.223994
-0.295125
-0.163151
-0.118729
-0.164107
-0.234784
-0.223860
-0.081429
-0.297159
-0.237290
-0.229525
-0.117640
-0.237146
-0.057530
-0.319363
-0.209653
-0.202759
-0.193438
-0.206119
-0.315066
-0.191936
-0.146385
-0.398711
-0.287340
-0.204266
-0.237830
-0.133334
-0.125844
-0.125495
-0.069880
-0.172539
-0.186834
-0.313387
-0.253660
-0.269531
-0.041913
-0.122144
-0.253540
-0.450174
-0.264344
-0.235731
-0.201994
-0.259692
-0.285958
-0.153150
-0.304037
-0.368629
-0.244543
-0.252466
-0.243877
-0.198365
-0.331652
-0.285985
-0.451972
-0.271960
-0.318198
-0.402449
-0.248558
-0.491487
-0.353539
-0.358602
-0.120021
-0.316647
-0.253239
-0.238513
-0.326547
-0.443512
-0.288314
-0.252904
-0.252847
-0.251920
-0.215933
-0.427137
-0.399143
-0.280175
-0.162130
-0.242879
-0.291468
-0.399015
-0.307032
-0.216508
-0.275983
-0.306875
-0.360397
-0.521733
-0.286095
-0.293836
-0.172265
-0.259642
-0.241860
-0.249970
-0.306357
-0.383852
-0.346342
-0.269464
-0.323876
-0.318270
-0.319034
-0.228923
-0.306674
-0.434535
-0.316313
-0.432927
-0.176337
-0.375386
-0.359137
-0.293603
-0.260138
-0.209891
-0.429548
-0.313116
-0.502963
-0.505165
-0.388506
-0.353371
-0.298909
-0.380408
-0.169214
-0.302629
-0.429175
-0.344558
-0.284003
-0.342389
-0.343133
-0.569904
-0.388082
-0.481604
-0.433208
-0.376438
-0.391224
-0.450258
-0.443207
-0.452310
-0.444254
-0.207783
-0.406745
-0.316873
-0.540903
-0.382611
-0.580043
-0.417106
-0.270529
-0.488148
-0.570424
-0.371300
-0.351816
-0.463159
-0.401354
-0.302601
-0.466304
-0.498307
-0.346077
-0.312176
-0.478090
-0.639458
-0.438724
-0.449283
-0.412403
-0.393393
-0.344370
-0.437049
-0.436594
-0.397381
-0.398674
-0.368670
-0.307864
-0.404146
-0.448665
-0.308514
-0.343243
-0.388896
-0.467920
-0.564976
-0.338137
-0.420660
-0.555825
-0.633819
-0.395864
-0.445341
-0.309352
-0.410668
-0.619618
-0.419673
-0.496680
-0.516000
-0.447712
-0.496326
-0.268817
-0.551274
-0.429059
-0.511245
-0.555731
-0.501723
-0.493861
-0.454563
-0.480543
-0.523421
-0.424282
-0.438268
-0.659742
-0.629073
-0.518481
-0.577245
-0.654971
-0.408785
-0.513853
-0.484479
-0.494317
-0.671419
-0.519197
-0.585087
-0.617743
-0.490603
-0.476152
-0.523318
-0.568494
-0.589995
-0.642269
-0.689508
-0.518655
-0.502294
-0.546035
-0.563860
-0.497810
-0.556220
-0.566120
-0.505557
-0.662531
-0.511208
-0.484499
-0.695283
-0.579548
-0.527403
-0.479414
-0.547085
-0.515973
-0.515325
-0.493112
-0.714134
-0.601431
-0.528907
-0.540442
-0.482665
-0.546396
-0.526385
-0.501411
-0.609600
-0.596025
-0.519963
-0.601354
-0.655541
-0.487614
-0.767382
-0.583692
-0.590148
-0.688279
-0.588779
-0.573330
-0.611566
-0.582147
-0.687636
-0.601180
-0.606097
-0.587522
-0.619130
-0.599030
-0.530726
-0.664642
-0.525839
-0.502660
-0.673114
-0.525657
-0.521429
-0.637710
-0.562657
-0.546032
-0.505287
-0.550648
-0.352140
-0.661563
-0.585675
-0.704901
-0.800892
-0.609380
-0.679418
-0.519765
-0.644220
-0.614517
-0.703897
-0.616946
-0.545396
-0.667491
-0.647021
-0.544963
-0.691629
-0.480908
-0.688816
-0.762861
-0.553746
-0.675285
-0.673707
-0.813488
-0.769477
-0.720713
-0.648883
-0.637982
-0.640568
-0.565213
-0.625953
-0.771299
-0.606360
-0.697870
-0.566834
-0.574173
-0.819546
-0.678859
-0.790729
-0.716939
-0.677073
-0.708039
-0.752963
-0.539115
-0.692488
-0.677388
-0.696185
-0.646428
-0.625331
-0.829375
-0.752821
-0.676353
-0.711769
-0.635888
-0.699133
-0.659199
-0.505003
-0.821159
-0.753051
-0.764285
-0.634306
-0.725358
-0.741486
-0.712827
-0.666727
-0.778489
-0.690014
-0.595911
-0.656226
-0.678165
-0.756969
-0.653774
-0.593649
-0.833126
-0.861435
-0.668900
-0.802903
-0.663136
-0.687913
-0.670569
-0.730803
-0.625970
-0.664326
-0.750944
-0.782857
-0.813947
-0.646574
-0.801276
-0.695791
-0.705119
-0.793461
-0.538373
-0.727591
-0.772870
-0.836475
-0.677193
-0.700129
-0.681089
-0.723134
-0.758968
-0.744571
-0.695339
-0.764244
-0.816434
-0.738891
-0.849830
-0.736603
-0.693141
-0.820112
-0.832538
-0.761859
-0.727146
-0.703349
-0.618214
-0.852424
-0.742736
-0.842877
-0.840471
-0.662074
-0.809032
-0.620749
-0.874067
-0.815539
-0.756625
-0.746768
-0.826576
-0.744873
-0.771045
-0.700822
-0.785753
-0.768274
-0.752864
-0.926538
-0.754299
-0.877185
-0.722176
-0.828847
-0.786813
-0.874394
-0.823932
-0.733176
-0.763001
-0.792302
-0.843386
-0.769336
-0.814379
-0.746038
-0.824588
-0.817622
-0.851114
-0.852771
-0.839590
-0.718138
-0.784022
-0.823301
-0.699132
-0.764892
-0.904904
-0.681491
-0.735240
-0.749923
-0.949234
-0.783309
-1.096290
-0.855531
-0.760772
-0.743046
-0.824596
-0.814043
-0.812905
-0.792940
-0.780180
-0.710448
-0.805067
-0.805182
-0.918504
-0.819545
-0.822744
-0.750222
-0.798187
-0.861629
-0.791702
-0.838503
-0.988671
-0.778905
-0.854055
-0.733339
-0.774719
-0.862439
-0.881580
-0.826849
-0.891420
-0.743542
-0.827239
-0.799408
-0.960077
-0.836072
-0.909408
-0.731311
-0.862672
-0.936166
-0.904756
-0.777782
-0.898652
-0.903152
-0.963604
-0.955726
-0.903386
-0.972885
-0.884747
-0.773787
-0.899949
-0.816185
-0.808793
-0.817607
-0.872894
-0.870967
-0.836138
-0.847459
-0.959849
-0.918456
-0.684416
-1.089211
-0.864230
-0.817568
-0.860304
-0.881546
-0.926975
-0.829757
-0.803709
-0.848164
-0.795624
-0.796941
-0.786752
-0.733601
-0.848541
-0.896237
-1.009551
-0.872694
-0.713627
-0.849078
-0.871261
-0.741879
-0.887244
-0.964605
-0.915615
-0.870600
-0.952067
-0.912766
-0.851785
-0.826786
-0.971651
-0.984716
-0.742854
-0.992827
-0.793995
-0.831067
-0.873381
-0.827373
-0.895421
-0.945920
-0.835955
-0.874629
-0.842354
-0.927769
-0.914210
-0.927576
-0.950359
-0.921143
-0.744313
-0.941799
-0.944859
-0.987120
-0.680285
-0.892684
-0.853033
-0.810804
-0.888087
-0.945249
-0.999897
-0.780114
-0.911555
-0.837120
-0.866263
-1.046721
-0.858046
-0.964803
-0.899981
-0.955436
-0.877021
-0.951862
-0.796219
-1.007903
-0.785966
-1.023715
-0.914358
-0.933229
-0.959476
-0.949114
-1.130626
-0.971941
-1.028780
-1.013689
-0.998076
-0.934436
-0.954830
-0.914910
-0.828676
-1.008706
-0.864711
-0.902193
-0.959265
-0.966827
-0.836754
-0.949250
-0.976717
-0.982664
-0.831267
-1.053267
-0.931800
-0.819802
-0.798465
-0.968201
-0.962569
-0.865117
-1.048567
-0.825885
-1.153078
-0.924633
-1.005466
-0.909633
-0.947759
-1.008940
-1.088533
-0.869029
-1.052705
-0.795967
-0.985828
-0.972466
-1.067323
-1.040739
-0.839034
-0.957168
-0.999630
-0.835606
-0.906219
-1.101042
-0.912545
-1.011595
-1.008830
-1.092096
-0.838025
-0.973718
-0.973784
-0.923264
-0.954776
-1.014820
-0.918064
-1.082842
-1.072566
-0.923265
-0.933911
-1.023493
-0.994563
-0.989540
-0.998105
-0.957034
-1.053419
-1.165303
-0.920727
-1.106733
-1.000020
-0.851100
-0.939132
-1.033752
-0.909248
-1.043205
-0.861548
-1.038622
-1.100605
-0.931907
-0.967657
-0.965694
-1.111482
-1.006519
-1.014745
-0.907156
-1.060532
-0.889410
-0.956994
-0.981121
-0.989402
-1.083499
-1.079098
-1.091775
-0.936182
-1.068367
-0.854844
-1.077128
-0.976683
-1.144851
-0.938965
-0.985665
-1.012826
-1.188368
-0.866719
-0.953432
-1.014566
-1.005488
-0.956848
-0.798037
-0.997220
-1.004365
-0.903189
-0.966516
-1.071160
-0.869011
-1.002601
-0.970916
-0.915124
-0.998854
-0.891352
-1.036454
-0.920286
-1.105715
-0.962949
-1.036531
-1.129898
-1.013810
-0.955644
-1.061070
-0.825477
-0.837425
-1.133136
-0.992080
-1.001095
-1.066258
-0.927401
-1.041383
-0.961217
-1.051943
-1.030156
-1.105347
-0.971687
-1.170183
-1.039903
-0.898073
-1.065798
-0.871352
-1.019779
-1.089935
-1.084637
-0.864502
-1.074023
-0.892845
-0.887365
-0.962721
-1.036109
-0.988294
-0.918009
-1.053597
-0.864004
-0.959267
-1.048054
-1.158021
-1.059529
-1.033709
-1.046043
-1.059652
-1.018907
-1.012649
-0.932362
-0.902888
-1.052668
-1.071293
-1.210258
-1.005652
-1.009965
-0.998073
-0.898102
-0.936409
-0.928091
-1.129675
-1.084377
-0.858204
-1.120557
-1.138500
-1.139959
-1.101602
-1.022822
-1.024126
-1.054537
-0.964257
-1.053285
-1.103518
-1.041860
-1.065441
-0.954921
-0.975685
-0.970052
-0.960763
-1.063692
-0.978088
-1.028683
-0.997400
-0.926627
-0.930448
-1.008994
-0.997663
-1.015568
-0.925661
-0.929812
-1.177497
-0.885639
-0.927341
-1.112401
-1.038646
-0.826748
-1.019754
-1.050644
-0.887751
-1.141841
-0.996161
-0.983998
-0.930669
-1.007031
-1.171033
-1.052729
-0.986935
-1.011833
-0.940472
-0.959866
-1.169568
-1.074331
-1.013903
-1.043246
-1.116902
-1.070735
-0.950442
-1.088907
-0.954210
-0.911716
-1.055735
-1.033575
-0.907857
-1.029668
-1.183141
-0.966848
-1.022266
-0.984290
-1.119130
-0.848731
-0.966756
-0.908335
-0.934616
-0.951036
-0.938663
-1.032355
-1.040816
-0.945612
-1.049104
-1.085355
-1.125089
-0.993467
-1.025245
-1.067985
-0.893633
-1.022477
-1.022622
-1.071887
-1.040255
-1.107383
-0.881965
-0.963884
-1.036056
-0.885195
-0.980645
-1.069831
-1.020926
-1.088540
-0.936080
-1.043631
-0.878883
-0.924723
-1.059923
-0.988272
-1.005463
-1.115370
-0.988675
-1.004434
-0.997278
-1.048637
-0.841470
-1.027153
-0.977977
-0.978397
-0.967911
-0.962515
-1.031072
-0.862333
-0.845194
-1.007514
-1.072333
-1.078401
-0.913825
-1.234564
-0.948054
-0.971372
-1.003395
-0.905151
-0.932534
-0.854835
-0.895353
-1.045955
-0.994061
-1.059719
-1.049804
-0.969073
-1.071667
-0.971391
-0.972370
-0.968471
-0.946704
-1.001211
-0.959705
-0.940355
-1.065060
-0.845763
-1.102208
-0.916613
-1.193488
-0.983400
-0.759599
-1.008828
-1.084545
-0.996261
-0.871050
-0.942587
-1.033096
-0.986796
-0.975827
-1.054824
-0.841014
-0.897489
-1.070057
-0.960721
-1.002705
-1.074482
-1.087229
-1.078842
-0.985756
-0.935989
-1.004426
-1.066435
-1.009918
-1.026980
-0.966037
-0.841012
-1.051326
-0.917957
-0.880621
-0.909126
-0.931057
-1.037600
-0.971233
-0.984361
-1.021180
-0.954411
-0.912280
-1.027856
-1.000023
-0.884745
-0.980967
-0.932556
-0.964804
-0.861219
-1.068067
-0.850528
-0.939240
-0.983023
-1.009407
-0.893671
-0.915074
-1.025746
-0.976555
-0.954418
-0.915343
-0.903050
-0.938602
-0.844628
-0.922500
-0.932543
-0.951564
-0.773263
-1.087287
-0.924135
-0.901707
-0.979335
-1.103957
-0.953792
-1.095017
-0.966881
-0.895772
-0.935087
-1.014731
-0.729047
-0.970680
-0.894399
-0.873060
-0.976444
-0.976945
-0.903467
-1.101143
-0.963223
-0.818678
-0.946551
-0.958449
-0.897459
-0.925188
-0.985754
-0.813172
-1.025196
-0.949433
-1.037041
-0.944632
-0.969423
-1.084338
-0.927300
-0.873094
-0.935220
-0.921831
-0.864103
-0.946407
-0.965145
-0.962078
-1.000445
-0.969236
-0.923654
-1.062309
-0.923095
-0.938939
-0.899146
-0.948338
-0.849095
-0.845992
-0.989928
-1.039922
-0.903173
-1.032833
-0.777444
-0.987627
-0.936229
-0.890352
-0.941192
-0.841544
-0.900364
-0.842609
-0.897744
-0.928066
-0.957790
-0.890503
-0.789098
-1.131239
-0.859529
-0.907270
-0.850429
-0.847490
-0.883613
-1.001105
-0.753115
-0.916627
-0.992751
-0.806613
-0.946269
-0.899312
-0.831713
-1.013702
-0.822119
-0.776011
-0.942185
-0.986706
-0.967760
-0.860403
-0.904300
-0.791573
-0.894403
-0.809650
-0.717063
-0.811920
-0.954745
-1.023109
-0.775252
-0.896152
-0.726161
-0.950685
-0.765936
-0.966396
-0.767683
-0.914391
-0.892808
-0.787186
-1.019888
-0.887996
-0.955078
-0.786196
-0.780630
-0.905090
-1.018122
-0.937195
-0.895993
-0.863005
-0.930899
-0.910491
-0.998285
-0.843384
-0.925523
-1.014476
-0.860191
-0.844000
-0.895400
-0.943981
-0.915300
-0.951110
-0.858100
-0.927482
-0.849790
-0.868745
-0.862881
-0.814417
-0.920875
-0.995729
-0.916875
-0.923713
-0.951473
-0.926829
-0.868111
-0.808143
-0.811683
-0.860484
-0.840092
-0.898164
-0.810609
-0.686085
-0.984053
-0.944449
-0.977761
-0.710064
-0.817589
-0.864359
-0.863072
-0.751205
-0.819047
-0.912020
-0.815141
-0.874793
-0.808902
-0.876542
-0.861249
-0.722989
-0.815769
-0.657767
-0.820626
-0.744403
-0.727706
-0.712350
-0.720918
-1.031914
-0.816665
-0.683710
-0.744781
-1.000771
-0.883032
-0.864825
-0.810671
-0.828708
-0.938887
-0.922312
-0.759916
-0.843161
-0.739556
-0.896646
-0.821585
-0.846776
-0.854619
-0.844529
-0.913197
-0.843509
-0.709117
-0.900781
-0.959046
-0.930340
-0.799508
-0.783511
-0.665965
-0.814950
-0.668592
-0.868341
-0.780516
-0.830923
-0.790398
-0.757577
-0.875687
-0.799457
-0.741191
-0.710820
-0.690114
-0.808909
-0.910233
-0.750541
-0.765610
-0.903551
-0.956710
-0.731524
-0.706195
-0.721426
-0.713325
-0.821727
-0.659617
-0.818755
-0.711400
-0.611663
-0.721739
-0.829210
-0.802076
-0.757186
-0.765017
-0.771117
-0.729307
-0.658750
-0.810473
-0.680169
-0.727650
-0.617000
-0.870382
-0.731568
-0.823824
-0.638612
-0.837990
-0.698744
-0.830986
-0.782386
-0.668369
-0.695255
-0.703482
-0.656980
-0.686745
-0.514141
-0.846005
-0.664793
-0.750963
-0.781815
-0.739532
-0.695720
-0.862249
-0.799193
-0.633887
-0.806343
-0.750078
-0.634517
-0.760784
-0.668783
-0.967215
-0.745410
-0.767346
-0.705833
-0.838465
-0.706574
-0.661609
-0.687153
-0.900059
-0.750308
-0.606838
-0.757322
-0.596338
-0.687911
-0.687341
-0.716128
-0.759369
-0.720811
-0.561730
-0.726167
-0.792852
-0.608687
-0.893618
-0.684899
-0.534286
-0.760613
-0.712869
-0.765506
-0.708420
-0.674521
-0.729488
-0.682812
-0.695387
-0.757859
-0.647528
-0.690520
-0.481382
-0.863497
-0.770220
-0.628834
-0.737759
-0.749048
-0.663478
-0.599598
-0.667660
-0.611024
-0.674203
-0.744370
-0.688411
-0.692159
-0.740914
-0.629918
-0.593202
-0.643938
-0.630988
-0.640579
-0.573364
-0.670208
-0.680742
-0.575047
-0.687328
-0.658196
-0.578313
-0.784157
-0.581482
-0.744942
-0.664927
-0.650628
-0.717039
-0.510754
-0.646531
-0.714414
-0.604464
-0.672350
-0.679023
-0.476906
-0.687783
-0.506812
-0.543581
-0.631052
-0.627147
-0.460731
-0.513001
-0.732216
-0.663222
-0.542659
-0.506149
-0.686256
-0.751902
-0.456958
-0.762173
-0.695041
-0.573205
-0.490141
-0.668048
-0.411587
-0.660081
-0.596003
-0.600424
-0.581995
-0.543416
-0.726817
-0.581539
-0.581963
-0.590086
-0.559819
-0.526831
-0.677097
-0.384547
-0.557984
-0.664174
-0.591836
-0.543675
-0.490077
-0.665736
-0.673352
-0.579776
-0.641743
-0.593883
-0.630269
-0.581822
-0.760500
-0.662275
-0.652338
-0.613677
-0.490221
-0.525328
-0.451040
-0.564460
-0.601458
-0.654294
-0.575499
-0.403136
-0.525917
-0.619990
-0.502066
-0.499418
-0.493504
-0.414906
-0.370896
-0.445299
-0.360561
-0.517049
-0.636912
-0.590589
-0.445917
-0.555193
-0.561725
-0.411308
-0.621878
-0.410673
-0.444045
-0.462684
-0.503647
-0.556933
-0.517377
-0.435976
-0.455739
-0.488776
-0.552815
-0.444704
-0.548478
-0.521044
-0.423923
-0.478575
-0.591846
-0.591287
-0.297297
-0.643107
-0.462339
-0.526483
-0.352673
-0.469496
-0.420200
-0.487169
-0.546732
-0.481477
-0.474721
-0.456318
-0.274265
-0.327575
-0.288066
-0.440876
-0.493513
-0.518704
-0.434424
-0.356651
-0.471802
-0.501956
-0.495416
-0.445870
-0.366340
-0.518512
-0.377414
-0.455587
-0.465836
-0.401279
-0.316586
-0.332007
-0.393328
-0.529892
-0.277557
-0.441952
-0.374826
-0.432426
-0.477690
-0.311576
-0.383110
-0.312725
-0.363857
-0.433505
-0.595983
-0.420255
-0.407100
-0.489559
-0.534981
-0.316236
-0.418532
-0.512578
-0.426125
-0.439858
-0.377218
-0.206888
-0.392103
-0.251982
-0.339912
-0.389821
-0.485477
-0.463219
-0.353319
-0.460419
-0.423448
-0.490156
-0.286665
-0.393992
-0.361807
-0.271370
-0.252561
-0.392922
-0.519569
-0.446989
-0.392560
-0.276490
-0.299628
-0.297206
-0.271123
-0.300146
-0.300221
-0.323954
-0.406792
-0.253079
-0.391611
-0.537692
-0.491248
-0.546014
-0.416667
-0.364421
-0.222001
-0.342663
-0.224163
-0.227542
-0.242036
-0.359433
-0.193095
-0.361770
-0.355638
-0.229534
-0.380947
-0.328303
-0.224564
-0.358408
-0.397691
-0.320631
-0.401723
-0.410693
-0.282201
-0.280746
-0.123260
-0.181329
-0.259309
-0.352492
-0.339698
-0.282764
-0.307093
-0.355128
-0.279561
-0.318116
-0.402141
-0.324540
-0.166740
-0.373051
-0.342142
-0.273251
-0.287700
-0.262113
-0.248701
-0.320013
-0.359176
-0.322347
-0.173772
-0.248450
-0.233632
-0.215916
-0.185536
-0.364990
-0.384215
-0.220191
-0.220554
-0.334713
-0.217486
-0.190494
-0.187395
-0.176000
-0.349505
-0.367775
-0.215337
-0.236655
-0.237095
-0.257374
-0.270266
-0.262475
-0.184099
-0.341754
-0.285481
-0.379308
-0.236716
-0.183673
-0.188957
-0.289859
-0.198306
-0.273262
-0.207219
-0.253512
-0.324414
-0.245100
-0.254058
-0.186779
-0.120009
-0.235052
-0.280469
-0.236838
-0.031392
-0.267989
-0.181211
-0.206655
-0.330124
-0.138204
-0.229318
-0.130885
-0.229221
-0.199697
-0.098002
-0.037806
-0.250967
-0.298007
-0.241351
-0.107347
-0.181310
-0.126495
-0.155675
-0.164970
-0.125989
-0.217139
-0.146165
-0.182781
-0.259545
-0.120176
-0.123942
-0.141973
-0.192419
-0.221903
-0.222830
-0.235786
-0.112469
-0.088791
-0.039612
-0.137454
-0.210063
-0.110678
-0.183751
-0.246433
0.014205
-0.174168
-0.111672
-0.110006
-0.250589
0.012938
-0.046150
-0.159711
-0.024865
-0.113921
0.003951
-0.183934
-0.153973
-0.197277
-0.116370
-0.157314
-0.172522
-0.026763
-0.034727
-0.039268
-0.063171
0.012644
-0.125194
-0.209175
-0.158759
-0.120488
-0.206665
-0.253274
0.023557
-0.043513
-0.199620
-0.139789
-0.167348
-0.158246
-0.084232
0.033297
-0.041040
0.021145
-0.133734
-0.004861
0.033246
-0.089319
0.006417
-0.044870
-0.038741
-0.036380
0.068448
-0.092437
-0.088244
0.095196
-0.090702
0.025141
-0.109603
-0.127831
0.118938
-0.122284
-0.063683
0.015390
0.062765
0.130495
-0.061003
0.074694
-0.108677
-0.006522
-0.149480
0.013706
-0.112801
-0.074756
0.043809
0.146050
-0.132238
-0.057996
0.023543
-0.073243
-0.052611
0.002528
-0.083433
0.027412
0.018208
0.080490
0.115503
-0.085184
0.070167
0.033597
0.041469
-0.016302
0.164768
0.065302
0.017964
0.055459
-0.032277
0.095499
0.092014
0.159037
0.053415
0.058634
-0.012333
0.117863
0.044895
0.124468
-0.096711
-0.146815
0.117638
0.144205
0.143411
0.054924
0.161397
0.004681
0.025928
0.027805
0.251042
0.300080
-0.036441
0.030646
0.145849
0.070957
0.049940
0.095527
0.153044
0.258594
0.123599
0.083782
0.004787
0.177142
0.157802
0.079964
0.140678
0.281574
0.102879
0.175551
0.114724
0.184145
0.077740
0.174948
0.089801
0.255626
0.263556
0.290769
0.098419
0.170944
0.186273
0.144848
0.223796
0.180022
-0.011995
0.235909
0.262537
0.298717
0.276468
0.118732
0.235658
0.189624
0.332544
0.248018
0.088597
0.363620
0.096751
0.199618
0.180487
0.126445
0.171320
0.244254
0.312934
0.048258
0.307784
0.319430
0.302096
0.258097
-0.058093
0.136181
0.304810
0.394665
0.115327
0.089763
0.380716
0.313864
0.451192
0.171156
0.296618
0.248459
0.179529
0.328115
0.131788
0.315338
0.064605
0.220095
0.262904
0.304310
0.165877
0.155896
0.344983
0.392221
0.201472
0.228520
0.238044
0.445801
0.228280
0.429753
0.413574
0.440126
0.399881
0.363535
0.461555
0.205691
0.507802
0.374267
0.231339
0.301011
0.363609
0.259115
0.292266
0.377004
0.340327
0.311147
0.411035
0.415468
0.489924
0.269798
0.224539
0.467085
0.427823
0.462585
0.358407
0.424178
0.388906
0.515117
0.424325
0.493705
0.380312
0.471101
0.388382
0.417447
0.534406
0.494424
0.346773
0.330238
0.493583
0.301413
0.566715
0.404295
0.544377
0.141414
0.300930
0.305275
0.497332
0.364771
0.643023
0.365184
0.445677
0.620996
0.483964
0.514016
0.430754
0.611544
0.589927
0.649003
0.558341
0.455411
0.502570
0.380554
0.445986
0.461666
0.444703
0.530731
0.350391
0.352157
0.594429
0.499306
0.600645
0.538287
0.476456
0.431541
0.685156
0.294242
0.658920
0.489887
0.355399
0.466692
0.599297
0.566273
0.494552
0.604509
0.518299
0.672185
0.497914
0.591522
0.527658
0.549065
0.508676
0.527517
0.499715
0.525762
0.615075
0.697316
0.577511
0.573509
0.577239
0.624961
0.665209
0.630710
0.747264
0.720690
0.574370
0.534277
0.605727
0.616740
0.599305
0.722924
0.583637
0.590113
0.560728
0.572701
0.730372
0.554494
0.532227
0.670925
0.657123
0.729046
0.655279
0.659861
0.561483
0.640406
0.704118
0.728193
0.701717
0.764383
0.614528
0.638977
0.862152
0.467363
0.780070
0.841622
0.604287
0.604711
0.643489
0.642994
0.560226
0.676956
0.647234
0.655941
0.682488
0.691584
0.633119
0.679318
0.732209
0.631898
0.707831
0.519609
0.594678
0.694413
0.719293
0.728349
0.630407
0.725982
0.771786
0.778425
0.917465
0.735553
0.737062
0.776633
0.715147
0.766781
0.664534
0.743488
0.714303
0.595002
0.749469
0.790336
0.822111
0.632532
0.757788
0.699242
0.842574
0.719541
0.692133
0.619572
0.701277
0.757800
0.809710
0.840825
0.799357
0.728835
0.613631
0.759157
0.736481
0.902241
0.818609
0.642045
0.656386
0.882382
0.725446
0.701201
0.656603
0.621957
0.825056
0.797614
0.707486
0.696044
0.784115
0.891662
0.751240
0.908162
0.768029
0.774735
0.851989
0.802118
0.816855
0.765928
0.828897
0.830960
0.777823
0.809047
0.894437
0.937194
0.780569
0.802136
0.687688
0.820187
0.873357
0.711349
0.721066
0.584721
0.677069
0.780626
0.863764
0.851336
0.755701
0.899401
0.702324
0.742958
0.709681
0.800016
0.731912
0.644322
0.831959
0.642879
0.814401
0.787603
0.849175
0.816396
0.816637
0.707692
0.823140
0.958658
0.764183
0.769120
0.776593
0.725011
0.816412
0.741921
0.778405
0.940335
0.906489
0.940402
0.840747
0.779660
0.864797
0.845866
0.903149
0.842735
0.911821
0.811684
0.836767
0.809888
0.869332
0.925180
0.827280
0.914867
0.939709
0.932514
0.866287
0.876706
0.934260
0.929450
0.932872
0.892792
0.951856
1.055242
0.901007
0.973119
0.823737
0.994609
0.703281
0.904349
0.945802
0.776710
0.855331
0.924817
0.791671
0.787309
0.983632
0.884408
0.762761
0.840898
0.946126
0.998084
0.869824
0.940220
0.798351
0.935575
0.883471
0.859960
0.948839
0.908684
0.994401
0.782401
0.920681
0.872867
1.051529
0.965879
0.956774
0.990633
1.068785
0.901182
0.932573
0.985525
0.994271
0.976602
0.940627
1.019891
1.013314
0.727891
1.009820
0.951615
0.773150
0.871888
0.983191
0.994219
0.899582
0.930721
0.961935
1.040731
0.994435
1.065138
0.925417
0.948181
0.883621
0.926061
0.938053
0.988756
1.032633
1.035996
1.062651
0.927594
1.024428
1.047860
0.829701
0.904187
0.903505
0.914567
0.871039
1.100824
1.099942
0.873168
0.967717
0.973308
0.952379
0.969166
0.962434
0.880612
1.016235
0.830365
1.120980
0.980150
0.968824
1.147579
1.020185
1.133060
0.875344
0.900379
0.869030
0.996515
0.938696
1.003321
1.075408
0.964004
1.072343
0.879988
1.009317
0.986420
1.052630
0.981394
0.995843
0.974994
0.910299
0.874664
0.849898
0.772176
0.845075
1.001520
0.993437
0.908899
0.968590
0.914762
1.069136
1.150939
1.111083
1.013026
0.996737
0.955977
0.890571
1.123478
0.939888
0.941351
1.137969
0.973014
1.018827
1.096452
1.014457
1.043955
1.008289
0.900798
0.825395
1.126822
1.120110
1.015953
0.983590
0.879569
0.898298
0.949305
0.978883
1.079255
1.081604
0.961236
0.903740
1.047350
1.108545
0.988622
0.935854
0.880717
0.960088
0.969425
0.869072
1.048903
1.007304
0.960742
0.980570
1.005490
1.186315
0.993389
0.992178
1.081505
1.063482
0.979041
0.939437
0.960472
1.096504
1.019693
1.048018
1.139417
0.967345
1.027046
1.136163
1.087669
1.087320
1.062206
0.921743
0.973304
1.092712
0.969961
0.976553
0.987330
0.924096
0.992665
0.954556
1.058177
0.987118
0.996910
0.982136
0.909160
1.089971
1.015676
0.919167
0.877292
1.022727
0.924131
1.141030
1.095005
0.884146
1.044463
0.950073
1.140233
1.078377
1.031460
0.872423
1.010158
1.066072
0.798742
1.074542
1.093611
0.856312
0.937694
0.897833
1.187889
1.045942
1.168402
0.913886
0.941479
1.095189
0.937463
0.824317
0.998169
0.950193
1.000358
1.084992
1.059904
1.011764
0.994930
0.953382
1.052588
0.949624
1.014941
1.028772
1.056071
0.952182
0.932611
1.104883
1.063461
1.142531
0.873784
0.946289
0.825866
0.884921
0.943112
1.047047
0.833784
0.991360
1.046282
0.860931
0.939599
1.038711
0.890767
0.910555
0.970818
0.944624
0.790715
0.930191
0.904753
1.041165
1.029147
0.999592
0.947304
1.020356
0.950014
0.932657
1.037133
0.829066
0.822081
0.870345
1.094340
0.964013
0.772621
0.944481
0.873697
0.992954
1.054806
0.850470
0.830238
1.038933
0.967511
1.055992
1.062899
0.957615
1.010181
0.943243
0.981874
0.975253
0.903146
0.784994
0.970243
0.934041
0.872563
0.901971
0.897763
0.939094
0.891450
0.943662
1.037886
0.918511
1.054609
0.959420
1.065806
1.002990
1.041519
0.795593
1.007877
0.813418
0.889000
0.860142
0.889875
1.015181
0.917474
0.828427
0.933495
0.779064
0.907296
1.051123
0.965402
0.910327
0.904899
1.035333
0.816958
1.063799
0.810418
0.893069
0.817460
0.944349
0.890095
0.961155
0.785642
0.861949
0.856846
1.017575
0.810446
0.934835
0.789786
0.834858
0.752854
0.918401
0.947771
0.875368
0.768192
0.990672
0.932580
0.999860
0.817675
0.951588
0.836662
0.876787
0.889015
0.986384
0.932102
0.834829
0.867065
0.842178
0.943238
0.870465
0.916543
0.823640
0.776228
0.912291
0.913857
0.943041
0.869648
0.962471
0.839102
0.829179
0.764838
0.955657
0.827216
0.867191
0.883237
0.835300
0.745319
0.931794
0.815431
0.909393
0.663193
0.930406
0.791917
1.022785
0.774207
0.846619
0.713154
0.961306
0.832623
0.732843
0.810757
0.799327
0.854881
0.937391
0.847703
0.775363
0.815079
0.806154
0.815815
0.736925
0.783329
0.722054
0.713227
0.790002
0.830785
0.800617
0.859913
0.848654
0.802324
0.752186
0.844372
0.706763
0.886575
0.769189
0.875095
0.804561
0.841064
0.800521
0.800610
0.707221
0.709066
0.758653
0.627222
0.738673
0.687971
0.804742
0.723639
0.739214
0.757376
0.818137
0.794109
0.804518
0.773391
0.786452
0.747853
0.848415
0.649762
0.732561
0.793567
0.643068
0.785433
0.695105
0.743156
0.753632
0.597273
0.738787
0.807161
0.832826
0.772321
0.685757
0.614579
0.686635
0.798758
0.738271
0.687225
0.644945
0.681300
0.745937
0.633916
0.728227
0.580599
0.694170
0.680728
0.684934
0.780545
0.608758
0.711983
0.626107
0.608720
0.826408
0.748205
0.681274
0.712255
0.588617
0.577714
0.635905
0.530293
0.683056
0.677044
0.732017
0.566923
0.726054
0.671566
0.621554
0.561073
0.615205
0.650385
0.722766
0.577362
0.671153
0.442394
0.665282
0.629807
0.664965
0.667648
0.601464
0.673626
0.459916
0.735527
0.624192
0.690070
0.589578
0.667959
0.536893
0.472214
0.585377
0.503750
0.579246
0.593285
0.687530
0.522398
0.631859
0.554718
0.589969
0.597970
0.613260
0.501468
0.601564
0.637385
0.511077
0.502813
0.602939
0.618948
0.573839
0.617564
0.628480
0.482648
0.632304
0.465673
0.431234
0.571598
0.528730
0.651302
0.473751
0.587961
0.593568
0.612763
0.532435
0.561786
0.577355
0.614813
0.409754
0.702061
0.528870
0.675719
0.525820
0.423300
0.452349
0.627115
0.347234
0.375510
0.599136
0.487298
0.427541
0.307757
0.480779
0.423766
0.601615
0.638162
0.442506
0.548768
0.403582
0.570803
0.596888
0.478770
0.548176
0.544763
0.446407
0.385271
0.391110
0.447449
0.518997
0.499879
0.372093
0.430536
0.432026
0.618428
0.582738
0.329593
0.379556
0.482482
0.430001
0.386165
0.493254
0.441925
0.458161
0.290651
0.410748
0.410648
0.334910
0.339092
0.367044
0.520410
0.253163
0.403868
0.477163
0.426541
0.413496
0.401496
0.324967
0.419060
0.471412
0.414663
0.382610
0.327656
0.414579
0.355415
0.315625
0.296160
0.474746
0.410536
0.213772
0.334386
0.312792
0.558306
0.275642
0.251495
0.493904
0.265955
0.376059
0.280291
0.440360
0.273361
0.180296
0.324084
0.407123
0.357217
0.335017
0.373145
0.408741
0.303310
0.331212
0.316854
0.343968
0.427686
0.215925
0.317279
0.377766
0.337559
0.237991
0.207881
0.239799
0.186987
0.208541
0.148057
0.132191
0.134417
0.118669
0.219769
0.334416
0.335874
0.278662
0.288281
0.192363
0.145852
0.262272
0.246628
0.108377
0.258083
0.133971
0.090800
0.239209
0.177977
0.321867
0.126509
0.018445
0.154944
0.198861
0.312775
0.194228
0.155632
0.178480
0.208090
0.158539
0.199794
0.125956
-0.001457
0.175098
0.034496
0.116434
0.276154
0.154316
0.143516
0.074778
0.153525
0.169957
0.290499
0.261797
0.151238
0.266333
0.163451
0.220997
0.063165
0.021455
0.235631
0.088344
0.060115
0.163647
0.191279
0.160200
-0.005690
0.108289
0.080458
0.079805
-0.173226
-0.081321
0.138270
0.026847
0.078870
0.152726
0.360337
0.010155
0.029001
0.165874
0.042657
0.225649
0.007401
0.027893
0.183548
0.005394
0.136650
0.125860
0.105982
0.175109
0.060841
-0.014327
0.028530
0.044390
0.004017
-0.074692
0.079131
0.025095
0.020717
0.055592
-0.015712
-0.030501
0.044550
-0.038184
-0.200916
-0.059867
0.122314
-0.040129
-0.146207
0.003096
-0.005273
0.108711
0.101052
-0.148299
-0.121949
-0.026761
-0.047362
-0.270782
0.018023
0.005620
-0.236352
-0.097817
-0.092971
-0.025905
-0.211215
-0.104349
-0.061491
0.004828
-0.083039
-0.198134
-0.125795
-0.103349
-0.145603
-0.113259
0.027744
-0.029719
-0.075378
-0.080712
0.017970
-0.187459
0.025566
-0.052552
-0.116774
-0.119489
0.064896
-0.117845
-0.174506
-0.048253
-0.114151
-0.247688
-0.185182
-0.101563
-0.130562
-0.094735
-0.021436
-0.029235
-0.078430
-0.071108
0.010707
-0.146628
-0.053301
-0.212984
-0.193866
-0.039635
-0.268950
-0.244003
-0.115980
-0.207984
-0.201845
-0.036376
-0.061846
-0.172424
-0.341216
-0.199957
-0.179634
-0.202817
-0.237954
-0.122990
-0.169067
-0.204705
-0.108207
-0.175719
-0.234629
-0.259307
-0.130727
-0.230728
-0.238970
-0.131946
-0.267657
-0.306457
-0.274844
-0.286977
-0.168122
-0.288088
-0.274623
-0.291283
-0.255560
-0.378919
-0.294051
-0.107295
-0.320432
-0.344876
-0.244673
-0.188272
-0.191750
-0.223239
-0.329137
-0.300622
-0.387049
-0.127496
-0.121807
-0.175091
-0.310628
-0.274614
-0.299805
-0.400471
-0.375625
-0.294566
-0.354361
-0.234420
-0.375332
-0.422762
-0.238464
-0.281502
-0.437786
-0.445740
-0.188806
-0.309882
-0.386710
-0.370492
-0.214806
-0.291930
-0.222534
-0.306471
-0.368180
-0.461704
-0.321678
-0.341985
-0.488397
-0.272351
-0.284430
-0.303212
-0.455706
-0.403952
-0.350984
-0.497945
-0.313461
-0.535258
-0.346590
-0.243633
-0.208230
-0.459155
-0.241265
-0.537600
-0.376016
-0.399456
-0.437111
-0.412089
-0.452556
-0.492567
-0.316278
-0.537042
-0.423014
-0.504748
-0.390982
-0.445706
-0.387935
-0.249881
-0.429198
-0.528170
-0.434353
-0.512467
-0.463314
-0.559084
-0.364707
-0.302894
-0.356559
-0.529422
-0.462439
-0.503557
-0.482006
-0.470930
-0.395701
-0.471149
-0.524207
-0.461381
-0.513568
-0.475394
-0.627055
-0.453338
-0.369460
-0.509745
-0.474842
-0.567724
-0.546511
-0.421557
-0.396677
-0.538749
-0.595222
-0.476581
-0.483580
-0.447297
-0.531370
-0.665112
-0.439631
-0.527764
-0.506009
-0.457068
-0.572396
-0.681007
-0.464701
-0.499371
-0.492020
-0.620084
-0.448164
-0.604801
-0.580776
-0.432502
-0.548484
-0.459877
-0.518647
-0.534092
-0.506967
-0.493734
-0.632365
-0.635340
-0.673958
-0.552747
-0.459036
-0.632739
-0.496189
-0.504412
-0.485162
-0.612148
-0.610288
-0.566173
-0.726203
-0.756746
-0.574034
-0.607449
-0.574200
-0.694492
-0.792637
-0.529230
-0.494073
-0.685346
-0.734013
-0.662172
-0.648989
-0.607665
-0.825854
-0.644676
-0.663037
-0.559301
-0.683329
-0.601813
-0.675158
-0.726150
-0.580412
-0.624614
-0.685960
-0.627348
-0.537876
-0.726243
-0.688353
-0.804614
-0.630207
-0.652240
-0.648577
-0.755524
-0.695197
-0.622701
-0.686068
-0.600515
-0.719803
-0.894179
-0.862786
-0.666209
-0.751030
-0.632570
-0.620485
-0.667904
-0.638434
-0.617294
-0.558596
-0.630425
-0.751902
-0.585127
-0.700394
-0.693938
-0.784856
-0.510265
-0.650329
-0.843330
-0.787545
-0.660387
-0.797589
-0.783755
-0.695936
-0.759662
-0.670379
-0.655407
-0.912465
-0.649821
-0.747922
-0.788288
-0.654318
-0.661825
-0.815069
-0.742179
-0.922069
-0.747716
-0.716433
-0.705193
-0.779157
-0.530724
-0.779438
-0.811702
-0.890408
-0.690048
-0.589541
